#武将id	武将品质	将魂id	将魂数量	材料1_id	材料1_数量	材料2_id	材料2_数量	材料3_id	材料3_数量	材料4_id	材料4_数量	下一级品质
id	quality	soul_item_id	soul_item_num	item_1_id	item_1_num	item_2_id	item_2_num	item_3_id	item_3_num	item_4_id	item_4_num	nextquality
12000000	1	17020000	10	17010000	10	0	0	0	0	0	0	2
12000000	2	17020000	20	17010000	20	17010018	10	0	0	0	0	3
12000000	3	17020000	30	17010010	30	17010024	20	17010030	10	0	0	4
12000000	4	17020000	40	17010006	40	17010020	30	17010030	20	0	0	5
12000000	5	17020000	40	17010019	40	17010074	30	17010030	20	17010035	2	6
12000000	6	17020000	40	17010024	40	17010074	30	17010030	20	17010035	2	7
12000000	7	17020000	40	17010024	40	17010074	30	17010030	20	17010035	2	8
12000000	8	17020000	40	17010024	40	17010074	30	17010030	20	17010035	4	9
12000000	9	17020000	40	17010024	40	17010074	30	17010030	20	17010035	4	10
12000000	10	17020000	40	17010024	40	17010074	30	17010030	20	17010035	4	11
12000000	11	17020000	40	17010024	40	17010074	30	17010030	20	17010035	6	12
12000000	12	17020000	40	17010024	40	17010074	30	17010030	20	17010035	6	13
12000000	13	17020000	40	17010024	40	17010074	30	17010030	20	17010035	6	14
12000000	14	17020000	40	17010024	40	17010074	30	17010030	20	17010035	8	15
12000000	15	17020000	40	17010024	40	17010074	30	17010030	20	17010035	8	16
12000000	16	17020000	40	17010024	40	17010074	30	17010030	20	17010035	8	17
12000000	17	17020000	40	17010024	40	17010074	30	17010030	20	17010035	10	18
12000000	18	17020000	40	17010024	40	17010074	30	17010030	20	17010035	10	0
12000001	1	17020001	10	17010001	10	0	0	0	0	0	0	2
12000001	2	17020001	20	17010001	20	17010017	10	0	0	0	0	3
12000001	3	17020001	30	17010011	30	17010029	20	17010030	10	0	0	4
12000001	4	17020001	40	17010005	40	17010021	30	17010030	20	0	0	5
12000001	5	17020001	40	17010018	40	17010075	30	17010030	20	17010035	2	6
12000001	6	17020001	40	17010029	40	17010075	30	17010030	20	17010035	2	7
12000001	7	17020001	40	17010029	40	17010075	30	17010030	20	17010035	2	8
12000001	8	17020001	40	17010029	40	17010075	30	17010030	20	17010035	4	9
12000001	9	17020001	40	17010029	40	17010075	30	17010030	20	17010035	4	10
12000001	10	17020001	40	17010029	40	17010075	30	17010030	20	17010035	4	11
12000001	11	17020001	40	17010029	40	17010075	30	17010030	20	17010035	6	12
12000001	12	17020001	40	17010029	40	17010075	30	17010030	20	17010035	6	13
12000001	13	17020001	40	17010029	40	17010075	30	17010030	20	17010035	6	14
12000001	14	17020001	40	17010029	40	17010075	30	17010030	20	17010035	8	15
12000001	15	17020001	40	17010029	40	17010075	30	17010030	20	17010035	8	16
12000001	16	17020001	40	17010029	40	17010075	30	17010030	20	17010035	8	17
12000001	17	17020001	40	17010029	40	17010075	30	17010030	20	17010035	10	18
12000001	18	17020001	40	17010029	40	17010075	30	17010030	20	17010035	10	0
12000002	1	17020002	10	17010002	10	0	0	0	0	0	0	2
12000002	2	17020002	20	17010002	20	17010016	10	0	0	0	0	3
12000002	3	17020002	30	17010012	30	17010020	20	17010030	10	0	0	4
12000002	4	17020002	40	17010007	40	17010022	30	17010030	20	0	0	5
12000002	5	17020002	40	17010017	40	17010076	30	17010030	20	17010035	2	6
12000002	6	17020002	40	17010020	40	17010076	30	17010030	20	17010035	2	7
12000002	7	17020002	40	17010020	40	17010076	30	17010030	20	17010035	2	8
12000002	8	17020002	40	17010020	40	17010076	30	17010030	20	17010035	4	9
12000002	9	17020002	40	17010020	40	17010076	30	17010030	20	17010035	4	10
12000002	10	17020002	40	17010020	40	17010076	30	17010030	20	17010035	4	11
12000002	11	17020002	40	17010020	40	17010076	30	17010030	20	17010035	6	12
12000002	12	17020002	40	17010020	40	17010076	30	17010030	20	17010035	6	13
12000002	13	17020002	40	17010020	40	17010076	30	17010030	20	17010035	6	14
12000002	14	17020002	40	17010020	40	17010076	30	17010030	20	17010035	8	15
12000002	15	17020002	40	17010020	40	17010076	30	17010030	20	17010035	8	16
12000002	16	17020002	40	17010020	40	17010076	30	17010030	20	17010035	8	17
12000002	17	17020002	40	17010020	40	17010076	30	17010030	20	17010035	10	18
12000002	18	17020002	40	17010020	40	17010076	30	17010030	20	17010035	10	0
12000003	1	17020003	10	17010003	10	0	0	0	0	0	0	2
12000003	2	17020003	20	17010003	20	17010015	10	0	0	0	0	3
12000003	3	17020003	30	17010013	30	17010027	20	17010030	10	0	0	4
12000003	4	17020003	40	17010005	40	17010023	30	17010030	20	0	0	5
12000003	5	17020003	40	17010016	40	17010077	30	17010030	20	17010035	2	6
12000003	6	17020003	40	17010027	40	17010077	30	17010030	20	17010035	2	7
12000003	7	17020003	40	17010027	40	17010077	30	17010030	20	17010035	2	8
12000003	8	17020003	40	17010027	40	17010077	30	17010030	20	17010035	4	9
12000003	9	17020003	40	17010027	40	17010077	30	17010030	20	17010035	4	10
12000003	10	17020003	40	17010027	40	17010077	30	17010030	20	17010035	4	11
12000003	11	17020003	40	17010027	40	17010077	30	17010030	20	17010035	6	12
12000003	12	17020003	40	17010027	40	17010077	30	17010030	20	17010035	6	13
12000003	13	17020003	40	17010027	40	17010077	30	17010030	20	17010035	6	14
12000003	14	17020003	40	17010027	40	17010077	30	17010030	20	17010035	8	15
12000003	15	17020003	40	17010027	40	17010077	30	17010030	20	17010035	8	16
12000003	16	17020003	40	17010027	40	17010077	30	17010030	20	17010035	8	17
12000003	17	17020003	40	17010027	40	17010077	30	17010030	20	17010035	10	18
12000003	18	17020003	40	17010027	40	17010077	30	17010030	20	17010035	10	0
12000004	1	17020004	10	17010004	10	0	0	0	0	0	0	2
12000004	2	17020004	20	17010004	20	17010014	10	0	0	0	0	3
12000004	3	17020004	30	17010014	30	17010026	20	17010030	10	0	0	4
12000004	4	17020004	40	17010009	40	17010024	30	17010030	20	0	0	5
12000004	5	17020004	40	17010015	40	17010078	30	17010030	20	17010035	2	6
12000004	6	17020004	40	17010026	40	17010078	30	17010030	20	17010035	2	7
12000004	7	17020004	40	17010026	40	17010078	30	17010030	20	17010035	2	8
12000004	8	17020004	40	17010026	40	17010078	30	17010030	20	17010035	4	9
12000004	9	17020004	40	17010026	40	17010078	30	17010030	20	17010035	4	10
12000004	10	17020004	40	17010026	40	17010078	30	17010030	20	17010035	4	11
12000004	11	17020004	40	17010026	40	17010078	30	17010030	20	17010035	6	12
12000004	12	17020004	40	17010026	40	17010078	30	17010030	20	17010035	6	13
12000004	13	17020004	40	17010026	40	17010078	30	17010030	20	17010035	6	14
12000004	14	17020004	40	17010026	40	17010078	30	17010030	20	17010035	8	15
12000004	15	17020004	40	17010026	40	17010078	30	17010030	20	17010035	8	16
12000004	16	17020004	40	17010026	40	17010078	30	17010030	20	17010035	8	17
12000004	17	17020004	40	17010026	40	17010078	30	17010030	20	17010035	10	18
12000004	18	17020004	40	17010026	40	17010078	30	17010030	20	17010035	10	0
12000005	1	17020005	10	17010005	10	0	0	0	0	0	0	2
12000005	2	17020005	20	17010005	20	17010013	10	0	0	0	0	3
12000005	3	17020005	30	17010015	30	17010024	20	17010030	10	0	0	4
12000005	4	17020005	40	17010007	40	17010025	30	17010030	20	0	0	5
12000005	5	17020005	40	17010014	40	17010079	30	17010030	20	17010035	2	6
12000005	6	17020005	40	17010023	40	17010079	30	17010030	20	17010035	2	7
12000005	7	17020005	40	17010023	40	17010079	30	17010030	20	17010035	2	8
12000005	8	17020005	40	17010023	40	17010079	30	17010030	20	17010035	4	9
12000005	9	17020005	40	17010023	40	17010079	30	17010030	20	17010035	4	10
12000005	10	17020005	40	17010023	40	17010079	30	17010030	20	17010035	4	11
12000005	11	17020005	40	17010023	40	17010079	30	17010030	20	17010035	6	12
12000005	12	17020005	40	17010023	40	17010079	30	17010030	20	17010035	6	13
12000005	13	17020005	40	17010023	40	17010079	30	17010030	20	17010035	6	14
12000005	14	17020005	40	17010023	40	17010079	30	17010030	20	17010035	8	15
12000005	15	17020005	40	17010023	40	17010079	30	17010030	20	17010035	8	16
12000005	16	17020005	40	17010023	40	17010079	30	17010030	20	17010035	8	17
12000005	17	17020005	40	17010023	40	17010079	30	17010030	20	17010035	10	18
12000005	18	17020005	40	17010023	40	17010079	30	17010030	20	17010035	10	0
12000006	1	17020006	10	17010006	10	0	0	0	0	0	0	2
12000006	2	17020006	20	17010006	20	17010012	10	0	0	0	0	3
12000006	3	17020006	30	17010016	30	17010028	20	17010030	10	0	0	4
12000006	4	17020006	40	17010001	40	17010026	30	17010030	20	0	0	5
12000006	5	17020006	40	17010013	40	17010080	30	17010030	20	17010035	2	6
12000006	6	17020006	40	17010028	40	17010080	30	17010030	20	17010035	2	7
12000006	7	17020006	40	17010028	40	17010080	30	17010030	20	17010035	2	8
12000006	8	17020006	40	17010028	40	17010080	30	17010030	20	17010035	4	9
12000006	9	17020006	40	17010028	40	17010080	30	17010030	20	17010035	4	10
12000006	10	17020006	40	17010028	40	17010080	30	17010030	20	17010035	4	11
12000006	11	17020006	40	17010028	40	17010080	30	17010030	20	17010035	6	12
12000006	12	17020006	40	17010028	40	17010080	30	17010030	20	17010035	6	13
12000006	13	17020006	40	17010028	40	17010080	30	17010030	20	17010035	6	14
12000006	14	17020006	40	17010028	40	17010080	30	17010030	20	17010035	8	15
12000006	15	17020006	40	17010028	40	17010080	30	17010030	20	17010035	8	16
12000006	16	17020006	40	17010028	40	17010080	30	17010030	20	17010035	8	17
12000006	17	17020006	40	17010028	40	17010080	30	17010030	20	17010035	10	18
12000006	18	17020006	40	17010028	40	17010080	30	17010030	20	17010035	10	0
12000007	1	17020007	10	17010007	10	0	0	0	0	0	0	2
12000007	2	17020007	20	17010007	20	17010011	10	0	0	0	0	3
12000007	3	17020007	30	17010017	30	17010022	20	17010030	10	0	0	4
12000007	4	17020007	40	17010005	40	17010027	30	17010030	20	0	0	5
12000007	5	17020007	40	17010012	40	17010081	30	17010030	20	17010035	2	6
12000007	6	17020007	40	17010022	40	17010081	30	17010030	20	17010035	2	7
12000007	7	17020007	40	17010022	40	17010081	30	17010030	20	17010035	2	8
12000007	8	17020007	40	17010022	40	17010081	30	17010030	20	17010035	4	9
12000007	9	17020007	40	17010022	40	17010081	30	17010030	20	17010035	4	10
12000007	10	17020007	40	17010022	40	17010081	30	17010030	20	17010035	4	11
12000007	11	17020007	40	17010022	40	17010081	30	17010030	20	17010035	6	12
12000007	12	17020007	40	17010022	40	17010081	30	17010030	20	17010035	6	13
12000007	13	17020007	40	17010022	40	17010081	30	17010030	20	17010035	6	14
12000007	14	17020007	40	17010022	40	17010081	30	17010030	20	17010035	8	15
12000007	15	17020007	40	17010022	40	17010081	30	17010030	20	17010035	8	16
12000007	16	17020007	40	17010022	40	17010081	30	17010030	20	17010035	8	17
12000007	17	17020007	40	17010022	40	17010081	30	17010030	20	17010035	10	18
12000007	18	17020007	40	17010022	40	17010081	30	17010030	20	17010035	10	0
12000008	1	17020008	10	17010008	10	0	0	0	0	0	0	2
12000008	2	17020008	20	17010008	20	17010010	10	0	0	0	0	3
12000008	3	17020008	30	17010018	30	17010025	20	17010030	10	0	0	4
12000008	4	17020008	40	17010006	40	17010028	30	17010030	20	0	0	5
12000008	5	17020008	40	17010011	40	17010082	30	17010030	20	17010035	2	6
12000008	6	17020008	40	17010025	40	17010082	30	17010030	20	17010035	2	7
12000008	7	17020008	40	17010025	40	17010082	30	17010030	20	17010035	2	8
12000008	8	17020008	40	17010025	40	17010082	30	17010030	20	17010035	4	9
12000008	9	17020008	40	17010025	40	17010082	30	17010030	20	17010035	4	10
12000008	10	17020008	40	17010025	40	17010082	30	17010030	20	17010035	4	11
12000008	11	17020008	40	17010025	40	17010082	30	17010030	20	17010035	6	12
12000008	12	17020008	40	17010025	40	17010082	30	17010030	20	17010035	6	13
12000008	13	17020008	40	17010025	40	17010082	30	17010030	20	17010035	6	14
12000008	14	17020008	40	17010025	40	17010082	30	17010030	20	17010035	8	15
12000008	15	17020008	40	17010025	40	17010082	30	17010030	20	17010035	8	16
12000008	16	17020008	40	17010025	40	17010082	30	17010030	20	17010035	8	17
12000008	17	17020008	40	17010025	40	17010082	30	17010030	20	17010035	10	18
12000008	18	17020008	40	17010025	40	17010082	30	17010030	20	17010035	10	0
12000009	1	17020009	10	17010009	10	0	0	0	0	0	0	2
12000009	2	17020009	20	17010009	20	17010019	10	0	0	0	0	3
12000009	3	17020009	30	17010019	30	17010020	20	17010030	10	0	0	4
12000009	4	17020009	40	17010004	40	17010029	30	17010030	20	0	0	5
12000009	5	17020009	40	17010010	40	17010083	30	17010030	20	17010035	2	6
12000009	6	17020009	40	17010020	40	17010083	30	17010030	20	17010035	2	7
12000009	7	17020009	40	17010020	40	17010083	30	17010030	20	17010035	2	8
12000009	8	17020009	40	17010020	40	17010083	30	17010030	20	17010035	4	9
12000009	9	17020009	40	17010020	40	17010083	30	17010030	20	17010035	4	10
12000009	10	17020009	40	17010020	40	17010083	30	17010030	20	17010035	4	11
12000009	11	17020009	40	17010020	40	17010083	30	17010030	20	17010035	6	12
12000009	12	17020009	40	17010020	40	17010083	30	17010030	20	17010035	6	13
12000009	13	17020009	40	17010020	40	17010083	30	17010030	20	17010035	6	14
12000009	14	17020009	40	17010020	40	17010083	30	17010030	20	17010035	8	15
12000009	15	17020009	40	17010020	40	17010083	30	17010030	20	17010035	8	16
12000009	16	17020009	40	17010020	40	17010083	30	17010030	20	17010035	8	17
12000009	17	17020009	40	17010020	40	17010083	30	17010030	20	17010035	10	18
12000009	18	17020009	40	17010020	40	17010083	30	17010030	20	17010035	10	0
12000010	1	17020010	10	17010000	10	0	0	0	0	0	0	2
12000010	2	17020010	20	17010000	20	17010014	10	0	0	0	0	3
12000010	3	17020010	30	17010010	30	17010026	20	17010030	10	0	0	4
12000010	4	17020010	40	17010008	40	17010020	30	17010030	20	0	0	5
12000010	5	17020010	40	17010014	40	17010074	30	17010030	20	17010035	2	6
12000010	6	17020010	40	17010026	40	17010074	30	17010030	20	17010035	2	7
12000010	7	17020010	40	17010026	40	17010074	30	17010030	20	17010035	2	8
12000010	8	17020010	40	17010026	40	17010074	30	17010030	20	17010035	4	9
12000010	9	17020010	40	17010026	40	17010074	30	17010030	20	17010035	4	10
12000010	10	17020010	40	17010026	40	17010074	30	17010030	20	17010035	4	11
12000010	11	17020010	40	17010026	40	17010074	30	17010030	20	17010035	6	12
12000010	12	17020010	40	17010026	40	17010074	30	17010030	20	17010035	6	13
12000010	13	17020010	40	17010026	40	17010074	30	17010030	20	17010035	6	14
12000010	14	17020010	40	17010026	40	17010074	30	17010030	20	17010035	8	15
12000010	15	17020010	40	17010026	40	17010074	30	17010030	20	17010035	8	16
12000010	16	17020010	40	17010026	40	17010074	30	17010030	20	17010035	8	17
12000010	17	17020010	40	17010026	40	17010074	30	17010030	20	17010035	10	18
12000010	18	17020010	40	17010026	40	17010074	30	17010030	20	17010035	10	0
12000011	1	17020011	10	17010001	10	0	0	0	0	0	0	2
12000011	2	17020011	20	17010001	20	17010015	10	0	0	0	0	3
12000011	3	17020011	30	17010011	30	17010023	20	17010030	10	0	0	4
12000011	4	17020011	40	17010002	40	17010021	30	17010030	20	0	0	5
12000011	5	17020011	40	17010018	40	17010075	30	17010030	20	17010035	2	6
12000011	6	17020011	40	17010024	40	17010075	30	17010030	20	17010035	2	7
12000011	7	17020011	40	17010024	40	17010075	30	17010030	20	17010035	2	8
12000011	8	17020011	40	17010024	40	17010075	30	17010030	20	17010035	4	9
12000011	9	17020011	40	17010024	40	17010075	30	17010030	20	17010035	4	10
12000011	10	17020011	40	17010024	40	17010075	30	17010030	20	17010035	4	11
12000011	11	17020011	40	17010024	40	17010075	30	17010030	20	17010035	6	12
12000011	12	17020011	40	17010024	40	17010075	30	17010030	20	17010035	6	13
12000011	13	17020011	40	17010024	40	17010075	30	17010030	20	17010035	6	14
12000011	14	17020011	40	17010024	40	17010075	30	17010030	20	17010035	8	15
12000011	15	17020011	40	17010024	40	17010075	30	17010030	20	17010035	8	16
12000011	16	17020011	40	17010024	40	17010075	30	17010030	20	17010035	8	17
12000011	17	17020011	40	17010024	40	17010075	30	17010030	20	17010035	10	18
12000011	18	17020011	40	17010024	40	17010075	30	17010030	20	17010035	10	0
12000012	1	17020012	10	17010002	10	0	0	0	0	0	0	2
12000012	2	17020012	20	17010002	20	17010013	10	0	0	0	0	3
12000012	3	17020012	30	17010012	30	17010023	20	17010030	10	0	0	4
12000012	4	17020012	40	17010004	40	17010022	30	17010030	20	0	0	5
12000012	5	17020012	40	17010016	40	17010076	30	17010030	20	17010035	2	6
12000012	6	17020012	40	17010023	40	17010076	30	17010030	20	17010035	2	7
12000012	7	17020012	40	17010023	40	17010076	30	17010030	20	17010035	2	8
12000012	8	17020012	40	17010023	40	17010076	30	17010030	20	17010035	4	9
12000012	9	17020012	40	17010023	40	17010076	30	17010030	20	17010035	4	10
12000012	10	17020012	40	17010023	40	17010076	30	17010030	20	17010035	4	11
12000012	11	17020012	40	17010023	40	17010076	30	17010030	20	17010035	6	12
12000012	12	17020012	40	17010023	40	17010076	30	17010030	20	17010035	6	13
12000012	13	17020012	40	17010023	40	17010076	30	17010030	20	17010035	6	14
12000012	14	17020012	40	17010023	40	17010076	30	17010030	20	17010035	8	15
12000012	15	17020012	40	17010023	40	17010076	30	17010030	20	17010035	8	16
12000012	16	17020012	40	17010023	40	17010076	30	17010030	20	17010035	8	17
12000012	17	17020012	40	17010023	40	17010076	30	17010030	20	17010035	10	18
12000012	18	17020012	40	17010023	40	17010076	30	17010030	20	17010035	10	0
12000013	1	17020013	10	17010003	10	0	0	0	0	0	0	2
12000013	2	17020013	20	17010003	20	17010018	10	0	0	0	0	3
12000013	3	17020013	30	17010013	30	17010021	20	17010030	10	0	0	4
12000013	4	17020013	40	17010005	40	17010023	30	17010030	20	0	0	5
12000013	5	17020013	40	17010019	40	17010077	30	17010030	20	17010035	2	6
12000013	6	17020013	40	17010021	40	17010077	30	17010030	20	17010035	2	7
12000013	7	17020013	40	17010021	40	17010077	30	17010030	20	17010035	2	8
12000013	8	17020013	40	17010021	40	17010077	30	17010030	20	17010035	4	9
12000013	9	17020013	40	17010021	40	17010077	30	17010030	20	17010035	4	10
12000013	10	17020013	40	17010021	40	17010077	30	17010030	20	17010035	4	11
12000013	11	17020013	40	17010021	40	17010077	30	17010030	20	17010035	6	12
12000013	12	17020013	40	17010021	40	17010077	30	17010030	20	17010035	6	13
12000013	13	17020013	40	17010021	40	17010077	30	17010030	20	17010035	6	14
12000013	14	17020013	40	17010021	40	17010077	30	17010030	20	17010035	8	15
12000013	15	17020013	40	17010021	40	17010077	30	17010030	20	17010035	8	16
12000013	16	17020013	40	17010021	40	17010077	30	17010030	20	17010035	8	17
12000013	17	17020013	40	17010021	40	17010077	30	17010030	20	17010035	10	18
12000013	18	17020013	40	17010021	40	17010077	30	17010030	20	17010035	10	0
12000014	1	17020014	10	17010004	10	0	0	0	0	0	0	2
12000014	2	17020014	20	17010004	20	17010016	10	0	0	0	0	3
12000014	3	17020014	30	17010014	30	17010029	20	17010030	10	0	0	4
12000014	4	17020014	40	17010009	40	17010024	30	17010030	20	0	0	5
12000014	5	17020014	40	17010015	40	17010078	30	17010030	20	17010035	2	6
12000014	6	17020014	40	17010029	40	17010078	30	17010030	20	17010035	2	7
12000014	7	17020014	40	17010029	40	17010078	30	17010030	20	17010035	2	8
12000014	8	17020014	40	17010029	40	17010078	30	17010030	20	17010035	4	9
12000014	9	17020014	40	17010029	40	17010078	30	17010030	20	17010035	4	10
12000014	10	17020014	40	17010029	40	17010078	30	17010030	20	17010035	4	11
12000014	11	17020014	40	17010029	40	17010078	30	17010030	20	17010035	6	12
12000014	12	17020014	40	17010029	40	17010078	30	17010030	20	17010035	6	13
12000014	13	17020014	40	17010029	40	17010078	30	17010030	20	17010035	6	14
12000014	14	17020014	40	17010029	40	17010078	30	17010030	20	17010035	8	15
12000014	15	17020014	40	17010029	40	17010078	30	17010030	20	17010035	8	16
12000014	16	17020014	40	17010029	40	17010078	30	17010030	20	17010035	8	17
12000014	17	17020014	40	17010029	40	17010078	30	17010030	20	17010035	10	18
12000014	18	17020014	40	17010029	40	17010078	30	17010030	20	17010035	10	0
12000015	1	17020015	10	17010005	10	0	0	0	0	0	0	2
12000015	2	17020015	20	17010005	20	17010019	10	0	0	0	0	3
12000015	3	17020015	30	17010015	30	17010022	20	17010030	10	0	0	4
12000015	4	17020015	40	17010002	40	17010025	30	17010030	20	0	0	5
12000015	5	17020015	40	17010014	40	17010079	30	17010030	20	17010035	2	6
12000015	6	17020015	40	17010022	40	17010079	30	17010030	20	17010035	2	7
12000015	7	17020015	40	17010022	40	17010079	30	17010030	20	17010035	2	8
12000015	8	17020015	40	17010022	40	17010079	30	17010030	20	17010035	4	9
12000015	9	17020015	40	17010022	40	17010079	30	17010030	20	17010035	4	10
12000015	10	17020015	40	17010022	40	17010079	30	17010030	20	17010035	4	11
12000015	11	17020015	40	17010022	40	17010079	30	17010030	20	17010035	6	12
12000015	12	17020015	40	17010022	40	17010079	30	17010030	20	17010035	6	13
12000015	13	17020015	40	17010022	40	17010079	30	17010030	20	17010035	6	14
12000015	14	17020015	40	17010022	40	17010079	30	17010030	20	17010035	8	15
12000015	15	17020015	40	17010022	40	17010079	30	17010030	20	17010035	8	16
12000015	16	17020015	40	17010022	40	17010079	30	17010030	20	17010035	8	17
12000015	17	17020015	40	17010022	40	17010079	30	17010030	20	17010035	10	18
12000015	18	17020015	40	17010022	40	17010079	30	17010030	20	17010035	10	0
12000016	1	17020016	10	17010006	10	0	0	0	0	0	0	2
12000016	2	17020016	20	17010006	20	17010014	10	0	0	0	0	3
12000016	3	17020016	30	17010016	30	17010024	20	17010030	10	0	0	4
12000016	4	17020016	40	17010007	40	17010026	30	17010030	20	0	0	5
12000016	5	17020016	40	17010017	40	17010080	30	17010030	20	17010035	2	6
12000016	6	17020016	40	17010024	40	17010080	30	17010030	20	17010035	2	7
12000016	7	17020016	40	17010024	40	17010080	30	17010030	20	17010035	2	8
12000016	8	17020016	40	17010024	40	17010080	30	17010030	20	17010035	4	9
12000016	9	17020016	40	17010024	40	17010080	30	17010030	20	17010035	4	10
12000016	10	17020016	40	17010024	40	17010080	30	17010030	20	17010035	4	11
12000016	11	17020016	40	17010024	40	17010080	30	17010030	20	17010035	6	12
12000016	12	17020016	40	17010024	40	17010080	30	17010030	20	17010035	6	13
12000016	13	17020016	40	17010024	40	17010080	30	17010030	20	17010035	6	14
12000016	14	17020016	40	17010024	40	17010080	30	17010030	20	17010035	8	15
12000016	15	17020016	40	17010024	40	17010080	30	17010030	20	17010035	8	16
12000016	16	17020016	40	17010024	40	17010080	30	17010030	20	17010035	8	17
12000016	17	17020016	40	17010024	40	17010080	30	17010030	20	17010035	10	18
12000016	18	17020016	40	17010024	40	17010080	30	17010030	20	17010035	10	0
12000017	1	17020017	10	17010007	10	0	0	0	0	0	0	2
12000017	2	17020017	20	17010007	20	17010010	10	0	0	0	0	3
12000017	3	17020017	30	17010017	30	17010028	20	17010030	10	0	0	4
12000017	4	17020017	40	17010001	40	17010027	30	17010030	20	0	0	5
12000017	5	17020017	40	17010012	40	17010081	30	17010030	20	17010035	2	6
12000017	6	17020017	40	17010028	40	17010081	30	17010030	20	17010035	2	7
12000017	7	17020017	40	17010028	40	17010081	30	17010030	20	17010035	2	8
12000017	8	17020017	40	17010028	40	17010081	30	17010030	20	17010035	4	9
12000017	9	17020017	40	17010028	40	17010081	30	17010030	20	17010035	4	10
12000017	10	17020017	40	17010028	40	17010081	30	17010030	20	17010035	4	11
12000017	11	17020017	40	17010028	40	17010081	30	17010030	20	17010035	6	12
12000017	12	17020017	40	17010028	40	17010081	30	17010030	20	17010035	6	13
12000017	13	17020017	40	17010028	40	17010081	30	17010030	20	17010035	6	14
12000017	14	17020017	40	17010028	40	17010081	30	17010030	20	17010035	8	15
12000017	15	17020017	40	17010028	40	17010081	30	17010030	20	17010035	8	16
12000017	16	17020017	40	17010028	40	17010081	30	17010030	20	17010035	8	17
12000017	17	17020017	40	17010028	40	17010081	30	17010030	20	17010035	10	18
12000017	18	17020017	40	17010028	40	17010081	30	17010030	20	17010035	10	0
12000018	1	17020018	10	17010008	10	0	0	0	0	0	0	2
12000018	2	17020018	20	17010008	20	17010015	10	0	0	0	0	3
12000018	3	17020018	30	17010018	30	17010020	20	17010030	10	0	0	4
12000018	4	17020018	40	17010006	40	17010028	30	17010030	20	0	0	5
12000018	5	17020018	40	17010013	40	17010082	30	17010030	20	17010035	2	6
12000018	6	17020018	40	17010020	40	17010082	30	17010030	20	17010035	2	7
12000018	7	17020018	40	17010020	40	17010082	30	17010030	20	17010035	2	8
12000018	8	17020018	40	17010020	40	17010082	30	17010030	20	17010035	4	9
12000018	9	17020018	40	17010020	40	17010082	30	17010030	20	17010035	4	10
12000018	10	17020018	40	17010020	40	17010082	30	17010030	20	17010035	4	11
12000018	11	17020018	40	17010020	40	17010082	30	17010030	20	17010035	6	12
12000018	12	17020018	40	17010020	40	17010082	30	17010030	20	17010035	6	13
12000018	13	17020018	40	17010020	40	17010082	30	17010030	20	17010035	6	14
12000018	14	17020018	40	17010020	40	17010082	30	17010030	20	17010035	8	15
12000018	15	17020018	40	17010020	40	17010082	30	17010030	20	17010035	8	16
12000018	16	17020018	40	17010020	40	17010082	30	17010030	20	17010035	8	17
12000018	17	17020018	40	17010020	40	17010082	30	17010030	20	17010035	10	18
12000018	18	17020018	40	17010020	40	17010082	30	17010030	20	17010035	10	0
12000019	1	17020019	10	17010009	10	0	0	0	0	0	0	2
12000019	2	17020019	20	17010009	20	17010013	10	0	0	0	0	3
12000019	3	17020019	30	17010019	30	17010023	20	17010030	10	0	0	4
12000019	4	17020019	40	17010001	40	17010029	30	17010030	20	0	0	5
12000019	5	17020019	40	17010018	40	17010083	30	17010030	20	17010035	2	6
12000019	6	17020019	40	17010023	40	17010083	30	17010030	20	17010035	2	7
12000019	7	17020019	40	17010023	40	17010083	30	17010030	20	17010035	2	8
12000019	8	17020019	40	17010023	40	17010083	30	17010030	20	17010035	4	9
12000019	9	17020019	40	17010023	40	17010083	30	17010030	20	17010035	4	10
12000019	10	17020019	40	17010023	40	17010083	30	17010030	20	17010035	4	11
12000019	11	17020019	40	17010023	40	17010083	30	17010030	20	17010035	6	12
12000019	12	17020019	40	17010023	40	17010083	30	17010030	20	17010035	6	13
12000019	13	17020019	40	17010023	40	17010083	30	17010030	20	17010035	6	14
12000019	14	17020019	40	17010023	40	17010083	30	17010030	20	17010035	8	15
12000019	15	17020019	40	17010023	40	17010083	30	17010030	20	17010035	8	16
12000019	16	17020019	40	17010023	40	17010083	30	17010030	20	17010035	8	17
12000019	17	17020019	40	17010023	40	17010083	30	17010030	20	17010035	10	18
12000019	18	17020019	40	17010023	40	17010083	30	17010030	20	17010035	10	0
12000020	1	17020020	10	17010000	10	0	0	0	0	0	0	2
12000020	2	17020020	20	17010000	20	17010018	10	0	0	0	0	3
12000020	3	17020020	30	17010010	30	17010026	20	17010030	10	0	0	4
12000020	4	17020020	40	17010008	40	17010020	30	17010030	20	0	0	5
12000020	5	17020020	40	17010015	40	17010074	30	17010030	20	17010035	2	6
12000020	6	17020020	40	17010026	40	17010074	30	17010030	20	17010035	2	7
12000020	7	17020020	40	17010026	40	17010074	30	17010030	20	17010035	2	8
12000020	8	17020020	40	17010026	40	17010074	30	17010030	20	17010035	4	9
12000020	9	17020020	40	17010026	40	17010074	30	17010030	20	17010035	4	10
12000020	10	17020020	40	17010026	40	17010074	30	17010030	20	17010035	4	11
12000020	11	17020020	40	17010026	40	17010074	30	17010030	20	17010035	6	12
12000020	12	17020020	40	17010026	40	17010074	30	17010030	20	17010035	6	13
12000020	13	17020020	40	17010026	40	17010074	30	17010030	20	17010035	6	14
12000020	14	17020020	40	17010026	40	17010074	30	17010030	20	17010035	8	15
12000020	15	17020020	40	17010026	40	17010074	30	17010030	20	17010035	8	16
12000020	16	17020020	40	17010026	40	17010074	30	17010030	20	17010035	8	17
12000020	17	17020020	40	17010026	40	17010074	30	17010030	20	17010035	10	18
12000020	18	17020020	40	17010026	40	17010074	30	17010030	20	17010035	10	0
12000021	1	17020021	10	17010001	10	0	0	0	0	0	0	2
12000021	2	17020021	20	17010001	20	17010017	10	0	0	0	0	3
12000021	3	17020021	30	17010011	30	17010027	20	17010030	10	0	0	4
12000021	4	17020021	40	17010001	40	17010021	30	17010030	20	0	0	5
12000021	5	17020021	40	17010016	40	17010075	30	17010030	20	17010035	2	6
12000021	6	17020021	40	17010027	40	17010075	30	17010030	20	17010035	2	7
12000021	7	17020021	40	17010027	40	17010075	30	17010030	20	17010035	2	8
12000021	8	17020021	40	17010027	40	17010075	30	17010030	20	17010035	4	9
12000021	9	17020021	40	17010027	40	17010075	30	17010030	20	17010035	4	10
12000021	10	17020021	40	17010027	40	17010075	30	17010030	20	17010035	4	11
12000021	11	17020021	40	17010027	40	17010075	30	17010030	20	17010035	6	12
12000021	12	17020021	40	17010027	40	17010075	30	17010030	20	17010035	6	13
12000021	13	17020021	40	17010027	40	17010075	30	17010030	20	17010035	6	14
12000021	14	17020021	40	17010027	40	17010075	30	17010030	20	17010035	8	15
12000021	15	17020021	40	17010027	40	17010075	30	17010030	20	17010035	8	16
12000021	16	17020021	40	17010027	40	17010075	30	17010030	20	17010035	8	17
12000021	17	17020021	40	17010027	40	17010075	30	17010030	20	17010035	10	18
12000021	18	17020021	40	17010027	40	17010075	30	17010030	20	17010035	10	0
12000022	1	17020022	7	17010002	7	0	0	0	0	0	0	2
12000022	2	17020022	15	17010002	15	17010011	7	0	0	0	0	3
12000022	3	17020022	22	17010012	22	17010021	15	17010030	7	0	0	4
12000022	4	17020022	30	17010004	30	17010022	22	17010030	15	0	0	5
12000022	5	17020022	30	17010019	30	17010076	22	17010030	15	17010035	1	6
12000022	6	17020022	30	17010021	30	17010076	22	17010030	15	17010035	1	7
12000022	7	17020022	30	17010021	30	17010076	22	17010030	15	17010035	1	8
12000022	8	17020022	30	17010021	30	17010076	22	17010030	15	17010035	3	9
12000022	9	17020022	30	17010021	30	17010076	22	17010030	15	17010035	3	10
12000022	10	17020022	30	17010021	30	17010076	22	17010030	15	17010035	3	11
12000022	11	17020022	30	17010021	30	17010076	22	17010030	15	17010035	4	12
12000022	12	17020022	30	17010021	30	17010076	22	17010030	15	17010035	4	13
12000022	13	17020022	30	17010021	30	17010076	22	17010030	15	17010035	4	14
12000022	14	17020022	30	17010021	30	17010076	22	17010030	15	17010035	6	15
12000022	15	17020022	30	17010021	30	17010076	22	17010030	15	17010035	6	16
12000022	16	17020022	30	17010021	30	17010076	22	17010030	15	17010035	6	17
12000022	17	17020022	30	17010021	30	17010076	22	17010030	15	17010035	7	18
12000022	18	17020022	30	17010021	30	17010076	22	17010030	15	17010035	7	0
12000023	1	17020023	7	17010003	7	0	0	0	0	0	0	2
12000023	2	17020023	15	17010003	15	17010019	7	0	0	0	0	3
12000023	3	17020023	22	17010013	22	17010029	15	17010030	7	0	0	4
12000023	4	17020023	30	17010000	30	17010023	22	17010030	15	0	0	5
12000023	5	17020023	30	17010011	30	17010077	22	17010030	15	17010035	1	6
12000023	6	17020023	30	17010029	30	17010077	22	17010030	15	17010035	1	7
12000023	7	17020023	30	17010029	30	17010077	22	17010030	15	17010035	1	8
12000023	8	17020023	30	17010029	30	17010077	22	17010030	15	17010035	3	9
12000023	9	17020023	30	17010029	30	17010077	22	17010030	15	17010035	3	10
12000023	10	17020023	30	17010029	30	17010077	22	17010030	15	17010035	3	11
12000023	11	17020023	30	17010029	30	17010077	22	17010030	15	17010035	4	12
12000023	12	17020023	30	17010029	30	17010077	22	17010030	15	17010035	4	13
12000023	13	17020023	30	17010029	30	17010077	22	17010030	15	17010035	4	14
12000023	14	17020023	30	17010029	30	17010077	22	17010030	15	17010035	6	15
12000023	15	17020023	30	17010029	30	17010077	22	17010030	15	17010035	6	16
12000023	16	17020023	30	17010029	30	17010077	22	17010030	15	17010035	6	17
12000023	17	17020023	30	17010029	30	17010077	22	17010030	15	17010035	7	18
12000023	18	17020023	30	17010029	30	17010077	22	17010030	15	17010035	7	0
12000024	1	17020024	7	17010004	7	0	0	0	0	0	0	2
12000024	2	17020024	15	17010004	15	17010016	7	0	0	0	0	3
12000024	3	17020024	22	17010014	22	17010020	15	17010030	7	0	0	4
12000024	4	17020024	30	17010009	30	17010024	22	17010030	15	0	0	5
12000024	5	17020024	30	17010017	30	17010078	22	17010030	15	17010035	1	6
12000024	6	17020024	30	17010020	30	17010078	22	17010030	15	17010035	1	7
12000024	7	17020024	30	17010020	30	17010078	22	17010030	15	17010035	1	8
12000024	8	17020024	30	17010020	30	17010078	22	17010030	15	17010035	3	9
12000024	9	17020024	30	17010020	30	17010078	22	17010030	15	17010035	3	10
12000024	10	17020024	30	17010020	30	17010078	22	17010030	15	17010035	3	11
12000024	11	17020024	30	17010020	30	17010078	22	17010030	15	17010035	4	12
12000024	12	17020024	30	17010020	30	17010078	22	17010030	15	17010035	4	13
12000024	13	17020024	30	17010020	30	17010078	22	17010030	15	17010035	4	14
12000024	14	17020024	30	17010020	30	17010078	22	17010030	15	17010035	6	15
12000024	15	17020024	30	17010020	30	17010078	22	17010030	15	17010035	6	16
12000024	16	17020024	30	17010020	30	17010078	22	17010030	15	17010035	6	17
12000024	17	17020024	30	17010020	30	17010078	22	17010030	15	17010035	7	18
12000024	18	17020024	30	17010020	30	17010078	22	17010030	15	17010035	7	0
12000025	1	17020025	7	17010005	7	0	0	0	0	0	0	2
12000025	2	17020025	15	17010005	15	17010014	7	0	0	0	0	3
12000025	3	17020025	22	17010015	22	17010028	15	17010030	7	0	0	4
12000025	4	17020025	30	17010001	30	17010025	22	17010030	15	0	0	5
12000025	5	17020025	30	17010012	30	17010079	22	17010030	15	17010035	1	6
12000025	6	17020025	30	17010028	30	17010079	22	17010030	15	17010035	1	7
12000025	7	17020025	30	17010028	30	17010079	22	17010030	15	17010035	1	8
12000025	8	17020025	30	17010028	30	17010079	22	17010030	15	17010035	3	9
12000025	9	17020025	30	17010028	30	17010079	22	17010030	15	17010035	3	10
12000025	10	17020025	30	17010028	30	17010079	22	17010030	15	17010035	3	11
12000025	11	17020025	30	17010028	30	17010079	22	17010030	15	17010035	4	12
12000025	12	17020025	30	17010028	30	17010079	22	17010030	15	17010035	4	13
12000025	13	17020025	30	17010028	30	17010079	22	17010030	15	17010035	4	14
12000025	14	17020025	30	17010028	30	17010079	22	17010030	15	17010035	6	15
12000025	15	17020025	30	17010028	30	17010079	22	17010030	15	17010035	6	16
12000025	16	17020025	30	17010028	30	17010079	22	17010030	15	17010035	6	17
12000025	17	17020025	30	17010028	30	17010079	22	17010030	15	17010035	7	18
12000025	18	17020025	30	17010028	30	17010079	22	17010030	15	17010035	7	0
12000026	1	17020026	7	17010006	7	0	0	0	0	0	0	2
12000026	2	17020026	15	17010006	15	17010010	7	0	0	0	0	3
12000026	3	17020026	22	17010016	22	17010022	15	17010030	7	0	0	4
12000026	4	17020026	30	17010004	30	17010026	22	17010030	15	0	0	5
12000026	5	17020026	30	17010018	30	17010080	22	17010030	15	17010035	1	6
12000026	6	17020026	30	17010022	30	17010080	22	17010030	15	17010035	1	7
12000026	7	17020026	30	17010022	30	17010080	22	17010030	15	17010035	1	8
12000026	8	17020026	30	17010022	30	17010080	22	17010030	15	17010035	3	9
12000026	9	17020026	30	17010022	30	17010080	22	17010030	15	17010035	3	10
12000026	10	17020026	30	17010022	30	17010080	22	17010030	15	17010035	3	11
12000026	11	17020026	30	17010022	30	17010080	22	17010030	15	17010035	4	12
12000026	12	17020026	30	17010022	30	17010080	22	17010030	15	17010035	4	13
12000026	13	17020026	30	17010022	30	17010080	22	17010030	15	17010035	4	14
12000026	14	17020026	30	17010022	30	17010080	22	17010030	15	17010035	6	15
12000026	15	17020026	30	17010022	30	17010080	22	17010030	15	17010035	6	16
12000026	16	17020026	30	17010022	30	17010080	22	17010030	15	17010035	6	17
12000026	17	17020026	30	17010022	30	17010080	22	17010030	15	17010035	7	18
12000026	18	17020026	30	17010022	30	17010080	22	17010030	15	17010035	7	0
12000027	1	17020027	7	17010007	7	0	0	0	0	0	0	2
12000027	2	17020027	15	17010007	15	17010013	7	0	0	0	0	3
12000027	3	17020027	22	17010017	22	17010025	15	17010030	7	0	0	4
12000027	4	17020027	30	17010004	30	17010027	22	17010030	15	0	0	5
12000027	5	17020027	30	17010015	30	17010081	22	17010030	15	17010035	1	6
12000027	6	17020027	30	17010025	30	17010081	22	17010030	15	17010035	1	7
12000027	7	17020027	30	17010025	30	17010081	22	17010030	15	17010035	1	8
12000027	8	17020027	30	17010025	30	17010081	22	17010030	15	17010035	3	9
12000027	9	17020027	30	17010025	30	17010081	22	17010030	15	17010035	3	10
12000027	10	17020027	30	17010025	30	17010081	22	17010030	15	17010035	3	11
12000027	11	17020027	30	17010025	30	17010081	22	17010030	15	17010035	4	12
12000027	12	17020027	30	17010025	30	17010081	22	17010030	15	17010035	4	13
12000027	13	17020027	30	17010025	30	17010081	22	17010030	15	17010035	4	14
12000027	14	17020027	30	17010025	30	17010081	22	17010030	15	17010035	6	15
12000027	15	17020027	30	17010025	30	17010081	22	17010030	15	17010035	6	16
12000027	16	17020027	30	17010025	30	17010081	22	17010030	15	17010035	6	17
12000027	17	17020027	30	17010025	30	17010081	22	17010030	15	17010035	7	18
12000027	18	17020027	30	17010025	30	17010081	22	17010030	15	17010035	7	0
12000028	1	17020028	7	17010008	7	0	0	0	0	0	0	2
12000028	2	17020028	15	17010008	15	17010018	7	0	0	0	0	3
12000028	3	17020028	22	17010018	22	17010021	15	17010030	7	0	0	4
12000028	4	17020028	30	17010003	30	17010028	22	17010030	15	0	0	5
12000028	5	17020028	30	17010016	30	17010082	22	17010030	15	17010035	1	6
12000028	6	17020028	30	17010021	30	17010082	22	17010030	15	17010035	1	7
12000028	7	17020028	30	17010021	30	17010082	22	17010030	15	17010035	1	8
12000028	8	17020028	30	17010021	30	17010082	22	17010030	15	17010035	3	9
12000028	9	17020028	30	17010021	30	17010082	22	17010030	15	17010035	3	10
12000028	10	17020028	30	17010021	30	17010082	22	17010030	15	17010035	3	11
12000028	11	17020028	30	17010021	30	17010082	22	17010030	15	17010035	4	12
12000028	12	17020028	30	17010021	30	17010082	22	17010030	15	17010035	4	13
12000028	13	17020028	30	17010021	30	17010082	22	17010030	15	17010035	4	14
12000028	14	17020028	30	17010021	30	17010082	22	17010030	15	17010035	6	15
12000028	15	17020028	30	17010021	30	17010082	22	17010030	15	17010035	6	16
12000028	16	17020028	30	17010021	30	17010082	22	17010030	15	17010035	6	17
12000028	17	17020028	30	17010021	30	17010082	22	17010030	15	17010035	7	18
12000028	18	17020028	30	17010021	30	17010082	22	17010030	15	17010035	7	0
12000029	1	17020029	7	17010009	7	0	0	0	0	0	0	2
12000029	2	17020029	15	17010009	15	17010011	7	0	0	0	0	3
12000029	3	17020029	22	17010019	22	17010027	15	17010030	7	0	0	4
12000029	4	17020029	30	17010000	30	17010029	22	17010030	15	0	0	5
12000029	5	17020029	30	17010013	30	17010083	22	17010030	15	17010035	1	6
12000029	6	17020029	30	17010027	30	17010083	22	17010030	15	17010035	1	7
12000029	7	17020029	30	17010027	30	17010083	22	17010030	15	17010035	1	8
12000029	8	17020029	30	17010027	30	17010083	22	17010030	15	17010035	3	9
12000029	9	17020029	30	17010027	30	17010083	22	17010030	15	17010035	3	10
12000029	10	17020029	30	17010027	30	17010083	22	17010030	15	17010035	3	11
12000029	11	17020029	30	17010027	30	17010083	22	17010030	15	17010035	4	12
12000029	12	17020029	30	17010027	30	17010083	22	17010030	15	17010035	4	13
12000029	13	17020029	30	17010027	30	17010083	22	17010030	15	17010035	4	14
12000029	14	17020029	30	17010027	30	17010083	22	17010030	15	17010035	6	15
12000029	15	17020029	30	17010027	30	17010083	22	17010030	15	17010035	6	16
12000029	16	17020029	30	17010027	30	17010083	22	17010030	15	17010035	6	17
12000029	17	17020029	30	17010027	30	17010083	22	17010030	15	17010035	7	18
12000029	18	17020029	30	17010027	30	17010083	22	17010030	15	17010035	7	0
12000030	1	17020030	7	17010000	7	0	0	0	0	0	0	2
12000030	2	17020030	15	17010000	15	17010017	7	0	0	0	0	3
12000030	3	17020030	22	17010010	22	17010029	15	17010030	7	0	0	4
12000030	4	17020030	30	17010007	30	17010020	22	17010030	15	0	0	5
12000030	5	17020030	30	17010014	30	17010074	22	17010030	15	17010035	1	6
12000030	6	17020030	30	17010029	30	17010074	22	17010030	15	17010035	1	7
12000030	7	17020030	30	17010029	30	17010074	22	17010030	15	17010035	1	8
12000030	8	17020030	30	17010029	30	17010074	22	17010030	15	17010035	3	9
12000030	9	17020030	30	17010029	30	17010074	22	17010030	15	17010035	3	10
12000030	10	17020030	30	17010029	30	17010074	22	17010030	15	17010035	3	11
12000030	11	17020030	30	17010029	30	17010074	22	17010030	15	17010035	4	12
12000030	12	17020030	30	17010029	30	17010074	22	17010030	15	17010035	4	13
12000030	13	17020030	30	17010029	30	17010074	22	17010030	15	17010035	4	14
12000030	14	17020030	30	17010029	30	17010074	22	17010030	15	17010035	6	15
12000030	15	17020030	30	17010029	30	17010074	22	17010030	15	17010035	6	16
12000030	16	17020030	30	17010029	30	17010074	22	17010030	15	17010035	6	17
12000030	17	17020030	30	17010029	30	17010074	22	17010030	15	17010035	7	18
12000030	18	17020030	30	17010029	30	17010074	22	17010030	15	17010035	7	0
12000031	1	17020031	7	17010001	7	0	0	0	0	0	0	2
12000031	2	17020031	15	17010001	15	17010019	7	0	0	0	0	3
12000031	3	17020031	22	17010011	22	17010024	15	17010030	7	0	0	4
12000031	4	17020031	30	17010002	30	17010021	22	17010030	15	0	0	5
12000031	5	17020031	30	17010017	30	17010075	22	17010030	15	17010035	1	6
12000031	6	17020031	30	17010024	30	17010075	22	17010030	15	17010035	1	7
12000031	7	17020031	30	17010024	30	17010075	22	17010030	15	17010035	1	8
12000031	8	17020031	30	17010024	30	17010075	22	17010030	15	17010035	3	9
12000031	9	17020031	30	17010024	30	17010075	22	17010030	15	17010035	3	10
12000031	10	17020031	30	17010024	30	17010075	22	17010030	15	17010035	3	11
12000031	11	17020031	30	17010024	30	17010075	22	17010030	15	17010035	4	12
12000031	12	17020031	30	17010024	30	17010075	22	17010030	15	17010035	4	13
12000031	13	17020031	30	17010024	30	17010075	22	17010030	15	17010035	4	14
12000031	14	17020031	30	17010024	30	17010075	22	17010030	15	17010035	6	15
12000031	15	17020031	30	17010024	30	17010075	22	17010030	15	17010035	6	16
12000031	16	17020031	30	17010024	30	17010075	22	17010030	15	17010035	6	17
12000031	17	17020031	30	17010024	30	17010075	22	17010030	15	17010035	7	18
12000031	18	17020031	30	17010024	30	17010075	22	17010030	15	17010035	7	0
12000032	1	17020032	7	17010002	7	0	0	0	0	0	0	2
12000032	2	17020032	15	17010002	15	17010010	7	0	0	0	0	3
12000032	3	17020032	22	17010012	22	17010021	15	17010030	7	0	0	4
12000032	4	17020032	30	17010008	30	17010022	22	17010030	15	0	0	5
12000032	5	17020032	30	17010010	30	17010076	22	17010030	15	17010035	1	6
12000032	6	17020032	30	17010021	30	17010076	22	17010030	15	17010035	1	7
12000032	7	17020032	30	17010021	30	17010076	22	17010030	15	17010035	1	8
12000032	8	17020032	30	17010021	30	17010076	22	17010030	15	17010035	3	9
12000032	9	17020032	30	17010021	30	17010076	22	17010030	15	17010035	3	10
12000032	10	17020032	30	17010021	30	17010076	22	17010030	15	17010035	3	11
12000032	11	17020032	30	17010021	30	17010076	22	17010030	15	17010035	4	12
12000032	12	17020032	30	17010021	30	17010076	22	17010030	15	17010035	4	13
12000032	13	17020032	30	17010021	30	17010076	22	17010030	15	17010035	4	14
12000032	14	17020032	30	17010021	30	17010076	22	17010030	15	17010035	6	15
12000032	15	17020032	30	17010021	30	17010076	22	17010030	15	17010035	6	16
12000032	16	17020032	30	17010021	30	17010076	22	17010030	15	17010035	6	17
12000032	17	17020032	30	17010021	30	17010076	22	17010030	15	17010035	7	18
12000032	18	17020032	30	17010021	30	17010076	22	17010030	15	17010035	7	0
12000033	1	17020033	7	17010003	7	0	0	0	0	0	0	2
12000033	2	17020033	15	17010003	15	17010015	7	0	0	0	0	3
12000033	3	17020033	22	17010013	22	17010025	15	17010030	7	0	0	4
12000033	4	17020033	30	17010005	30	17010023	22	17010030	15	0	0	5
12000033	5	17020033	30	17010019	30	17010077	22	17010030	15	17010035	1	6
12000033	6	17020033	30	17010025	30	17010077	22	17010030	15	17010035	1	7
12000033	7	17020033	30	17010025	30	17010077	22	17010030	15	17010035	1	8
12000033	8	17020033	30	17010025	30	17010077	22	17010030	15	17010035	3	9
12000033	9	17020033	30	17010025	30	17010077	22	17010030	15	17010035	3	10
12000033	10	17020033	30	17010025	30	17010077	22	17010030	15	17010035	3	11
12000033	11	17020033	30	17010025	30	17010077	22	17010030	15	17010035	4	12
12000033	12	17020033	30	17010025	30	17010077	22	17010030	15	17010035	4	13
12000033	13	17020033	30	17010025	30	17010077	22	17010030	15	17010035	4	14
12000033	14	17020033	30	17010025	30	17010077	22	17010030	15	17010035	6	15
12000033	15	17020033	30	17010025	30	17010077	22	17010030	15	17010035	6	16
12000033	16	17020033	30	17010025	30	17010077	22	17010030	15	17010035	6	17
12000033	17	17020033	30	17010025	30	17010077	22	17010030	15	17010035	7	18
12000033	18	17020033	30	17010025	30	17010077	22	17010030	15	17010035	7	0
12000034	1	17020034	7	17010004	7	0	0	0	0	0	0	2
12000034	2	17020034	15	17010004	15	17010010	7	0	0	0	0	3
12000034	3	17020034	22	17010014	22	17010028	15	17010030	7	0	0	4
12000034	4	17020034	30	17010002	30	17010024	22	17010030	15	0	0	5
12000034	5	17020034	30	17010011	30	17010078	22	17010030	15	17010035	1	6
12000034	6	17020034	30	17010028	30	17010078	22	17010030	15	17010035	1	7
12000034	7	17020034	30	17010028	30	17010078	22	17010030	15	17010035	1	8
12000034	8	17020034	30	17010028	30	17010078	22	17010030	15	17010035	3	9
12000034	9	17020034	30	17010028	30	17010078	22	17010030	15	17010035	3	10
12000034	10	17020034	30	17010028	30	17010078	22	17010030	15	17010035	3	11
12000034	11	17020034	30	17010028	30	17010078	22	17010030	15	17010035	4	12
12000034	12	17020034	30	17010028	30	17010078	22	17010030	15	17010035	4	13
12000034	13	17020034	30	17010028	30	17010078	22	17010030	15	17010035	4	14
12000034	14	17020034	30	17010028	30	17010078	22	17010030	15	17010035	6	15
12000034	15	17020034	30	17010028	30	17010078	22	17010030	15	17010035	6	16
12000034	16	17020034	30	17010028	30	17010078	22	17010030	15	17010035	6	17
12000034	17	17020034	30	17010028	30	17010078	22	17010030	15	17010035	7	18
12000034	18	17020034	30	17010028	30	17010078	22	17010030	15	17010035	7	0
12000035	1	17020035	7	17010005	7	0	0	0	0	0	0	2
12000035	2	17020035	15	17010005	15	17010012	7	0	0	0	0	3
12000035	3	17020035	22	17010015	22	17010022	15	17010030	7	0	0	4
12000035	4	17020035	30	17010009	30	17010025	22	17010030	15	0	0	5
12000035	5	17020035	30	17010018	30	17010079	22	17010030	15	17010035	1	6
12000035	6	17020035	30	17010022	30	17010079	22	17010030	15	17010035	1	7
12000035	7	17020035	30	17010022	30	17010079	22	17010030	15	17010035	1	8
12000035	8	17020035	30	17010022	30	17010079	22	17010030	15	17010035	3	9
12000035	9	17020035	30	17010022	30	17010079	22	17010030	15	17010035	3	10
12000035	10	17020035	30	17010022	30	17010079	22	17010030	15	17010035	3	11
12000035	11	17020035	30	17010022	30	17010079	22	17010030	15	17010035	4	12
12000035	12	17020035	30	17010022	30	17010079	22	17010030	15	17010035	4	13
12000035	13	17020035	30	17010022	30	17010079	22	17010030	15	17010035	4	14
12000035	14	17020035	30	17010022	30	17010079	22	17010030	15	17010035	6	15
12000035	15	17020035	30	17010022	30	17010079	22	17010030	15	17010035	6	16
12000035	16	17020035	30	17010022	30	17010079	22	17010030	15	17010035	6	17
12000035	17	17020035	30	17010022	30	17010079	22	17010030	15	17010035	7	18
12000035	18	17020035	30	17010022	30	17010079	22	17010030	15	17010035	7	0
12000036	1	17020036	7	17010006	7	0	0	0	0	0	0	2
12000036	2	17020036	15	17010006	15	17010014	7	0	0	0	0	3
12000036	3	17020036	22	17010016	22	17010027	15	17010030	7	0	0	4
12000036	4	17020036	30	17010002	30	17010026	22	17010030	15	0	0	5
12000036	5	17020036	30	17010010	30	17010080	22	17010030	15	17010035	1	6
12000036	6	17020036	30	17010027	30	17010080	22	17010030	15	17010035	1	7
12000036	7	17020036	30	17010027	30	17010080	22	17010030	15	17010035	1	8
12000036	8	17020036	30	17010027	30	17010080	22	17010030	15	17010035	3	9
12000036	9	17020036	30	17010027	30	17010080	22	17010030	15	17010035	3	10
12000036	10	17020036	30	17010027	30	17010080	22	17010030	15	17010035	3	11
12000036	11	17020036	30	17010027	30	17010080	22	17010030	15	17010035	4	12
12000036	12	17020036	30	17010027	30	17010080	22	17010030	15	17010035	4	13
12000036	13	17020036	30	17010027	30	17010080	22	17010030	15	17010035	4	14
12000036	14	17020036	30	17010027	30	17010080	22	17010030	15	17010035	6	15
12000036	15	17020036	30	17010027	30	17010080	22	17010030	15	17010035	6	16
12000036	16	17020036	30	17010027	30	17010080	22	17010030	15	17010035	6	17
12000036	17	17020036	30	17010027	30	17010080	22	17010030	15	17010035	7	18
12000036	18	17020036	30	17010027	30	17010080	22	17010030	15	17010035	7	0
12000037	1	17020037	7	17010007	7	0	0	0	0	0	0	2
12000037	2	17020037	15	17010007	15	17010017	7	0	0	0	0	3
12000037	3	17020037	22	17010017	22	17010021	15	17010030	7	0	0	4
12000037	4	17020037	30	17010006	30	17010027	22	17010030	15	0	0	5
12000037	5	17020037	30	17010012	30	17010081	22	17010030	15	17010035	1	6
12000037	6	17020037	30	17010021	30	17010081	22	17010030	15	17010035	1	7
12000037	7	17020037	30	17010021	30	17010081	22	17010030	15	17010035	1	8
12000037	8	17020037	30	17010021	30	17010081	22	17010030	15	17010035	3	9
12000037	9	17020037	30	17010021	30	17010081	22	17010030	15	17010035	3	10
12000037	10	17020037	30	17010021	30	17010081	22	17010030	15	17010035	3	11
12000037	11	17020037	30	17010021	30	17010081	22	17010030	15	17010035	4	12
12000037	12	17020037	30	17010021	30	17010081	22	17010030	15	17010035	4	13
12000037	13	17020037	30	17010021	30	17010081	22	17010030	15	17010035	4	14
12000037	14	17020037	30	17010021	30	17010081	22	17010030	15	17010035	6	15
12000037	15	17020037	30	17010021	30	17010081	22	17010030	15	17010035	6	16
12000037	16	17020037	30	17010021	30	17010081	22	17010030	15	17010035	6	17
12000037	17	17020037	30	17010021	30	17010081	22	17010030	15	17010035	7	18
12000037	18	17020037	30	17010021	30	17010081	22	17010030	15	17010035	7	0
12000038	1	17020038	7	17010008	7	0	0	0	0	0	0	2
12000038	2	17020038	15	17010008	15	17010011	7	0	0	0	0	3
12000038	3	17020038	22	17010018	22	17010026	15	17010030	7	0	0	4
12000038	4	17020038	30	17010003	30	17010028	22	17010030	15	0	0	5
12000038	5	17020038	30	17010013	30	17010082	22	17010030	15	17010035	1	6
12000038	6	17020038	30	17010026	30	17010082	22	17010030	15	17010035	1	7
12000038	7	17020038	30	17010026	30	17010082	22	17010030	15	17010035	1	8
12000038	8	17020038	30	17010026	30	17010082	22	17010030	15	17010035	3	9
12000038	9	17020038	30	17010026	30	17010082	22	17010030	15	17010035	3	10
12000038	10	17020038	30	17010026	30	17010082	22	17010030	15	17010035	3	11
12000038	11	17020038	30	17010026	30	17010082	22	17010030	15	17010035	4	12
12000038	12	17020038	30	17010026	30	17010082	22	17010030	15	17010035	4	13
12000038	13	17020038	30	17010026	30	17010082	22	17010030	15	17010035	4	14
12000038	14	17020038	30	17010026	30	17010082	22	17010030	15	17010035	6	15
12000038	15	17020038	30	17010026	30	17010082	22	17010030	15	17010035	6	16
12000038	16	17020038	30	17010026	30	17010082	22	17010030	15	17010035	6	17
12000038	17	17020038	30	17010026	30	17010082	22	17010030	15	17010035	7	18
12000038	18	17020038	30	17010026	30	17010082	22	17010030	15	17010035	7	0
12000039	1	17020039	7	17010009	7	0	0	0	0	0	0	2
12000039	2	17020039	15	17010009	15	17010018	7	0	0	0	0	3
12000039	3	17020039	22	17010019	22	17010022	15	17010030	7	0	0	4
12000039	4	17020039	30	17010008	30	17010029	22	17010030	15	0	0	5
12000039	5	17020039	30	17010011	30	17010083	22	17010030	15	17010035	1	6
12000039	6	17020039	30	17010022	30	17010083	22	17010030	15	17010035	1	7
12000039	7	17020039	30	17010022	30	17010083	22	17010030	15	17010035	1	8
12000039	8	17020039	30	17010022	30	17010083	22	17010030	15	17010035	3	9
12000039	9	17020039	30	17010022	30	17010083	22	17010030	15	17010035	3	10
12000039	10	17020039	30	17010022	30	17010083	22	17010030	15	17010035	3	11
12000039	11	17020039	30	17010022	30	17010083	22	17010030	15	17010035	4	12
12000039	12	17020039	30	17010022	30	17010083	22	17010030	15	17010035	4	13
12000039	13	17020039	30	17010022	30	17010083	22	17010030	15	17010035	4	14
12000039	14	17020039	30	17010022	30	17010083	22	17010030	15	17010035	6	15
12000039	15	17020039	30	17010022	30	17010083	22	17010030	15	17010035	6	16
12000039	16	17020039	30	17010022	30	17010083	22	17010030	15	17010035	6	17
12000039	17	17020039	30	17010022	30	17010083	22	17010030	15	17010035	7	18
12000039	18	17020039	30	17010022	30	17010083	22	17010030	15	17010035	7	0
12000040	1	17020040	7	17010000	7	0	0	0	0	0	0	2
12000040	2	17020040	15	17010000	15	17010012	7	0	0	0	0	3
12000040	3	17020040	22	17010010	22	17010029	15	17010030	7	0	0	4
12000040	4	17020040	30	17010003	30	17010020	22	17010030	15	0	0	5
12000040	5	17020040	30	17010016	30	17010074	22	17010030	15	17010035	1	6
12000040	6	17020040	30	17010029	30	17010074	22	17010030	15	17010035	1	7
12000040	7	17020040	30	17010029	30	17010074	22	17010030	15	17010035	1	8
12000040	8	17020040	30	17010029	30	17010074	22	17010030	15	17010035	3	9
12000040	9	17020040	30	17010029	30	17010074	22	17010030	15	17010035	3	10
12000040	10	17020040	30	17010029	30	17010074	22	17010030	15	17010035	3	11
12000040	11	17020040	30	17010029	30	17010074	22	17010030	15	17010035	4	12
12000040	12	17020040	30	17010029	30	17010074	22	17010030	15	17010035	4	13
12000040	13	17020040	30	17010029	30	17010074	22	17010030	15	17010035	4	14
12000040	14	17020040	30	17010029	30	17010074	22	17010030	15	17010035	6	15
12000040	15	17020040	30	17010029	30	17010074	22	17010030	15	17010035	6	16
12000040	16	17020040	30	17010029	30	17010074	22	17010030	15	17010035	6	17
12000040	17	17020040	30	17010029	30	17010074	22	17010030	15	17010035	7	18
12000040	18	17020040	30	17010029	30	17010074	22	17010030	15	17010035	7	0
12000041	1	17020041	7	17010001	7	0	0	0	0	0	0	2
12000041	2	17020041	15	17010001	15	17010013	7	0	0	0	0	3
12000041	3	17020041	22	17010011	22	17010020	15	17010030	7	0	0	4
12000041	4	17020041	30	17010006	30	17010021	22	17010030	15	0	0	5
12000041	5	17020041	30	17010010	30	17010075	22	17010030	15	17010035	1	6
12000041	6	17020041	30	17010020	30	17010075	22	17010030	15	17010035	1	7
12000041	7	17020041	30	17010020	30	17010075	22	17010030	15	17010035	1	8
12000041	8	17020041	30	17010020	30	17010075	22	17010030	15	17010035	3	9
12000041	9	17020041	30	17010020	30	17010075	22	17010030	15	17010035	3	10
12000041	10	17020041	30	17010020	30	17010075	22	17010030	15	17010035	3	11
12000041	11	17020041	30	17010020	30	17010075	22	17010030	15	17010035	4	12
12000041	12	17020041	30	17010020	30	17010075	22	17010030	15	17010035	4	13
12000041	13	17020041	30	17010020	30	17010075	22	17010030	15	17010035	4	14
12000041	14	17020041	30	17010020	30	17010075	22	17010030	15	17010035	6	15
12000041	15	17020041	30	17010020	30	17010075	22	17010030	15	17010035	6	16
12000041	16	17020041	30	17010020	30	17010075	22	17010030	15	17010035	6	17
12000041	17	17020041	30	17010020	30	17010075	22	17010030	15	17010035	7	18
12000041	18	17020041	30	17010020	30	17010075	22	17010030	15	17010035	7	0
12000042	1	17020042	5	17010002	5	0	0	0	0	0	0	2
12000042	2	17020042	10	17010002	10	17010016	5	0	0	0	0	3
12000042	3	17020042	15	17010012	15	17010023	10	17010030	5	0	0	4
12000042	4	17020042	20	17010000	20	17010022	15	17010030	10	0	0	5
12000042	5	17020042	20	17010017	20	17010076	15	17010030	10	17010035	1	6
12000042	6	17020042	20	17010023	20	17010076	15	17010030	10	17010035	1	7
12000042	7	17020042	20	17010023	20	17010076	15	17010030	10	17010035	1	8
12000042	8	17020042	20	17010023	20	17010076	15	17010030	10	17010035	2	9
12000042	9	17020042	20	17010023	20	17010076	15	17010030	10	17010035	2	10
12000042	10	17020042	20	17010023	20	17010076	15	17010030	10	17010035	2	11
12000042	11	17020042	20	17010023	20	17010076	15	17010030	10	17010035	3	12
12000042	12	17020042	20	17010023	20	17010076	15	17010030	10	17010035	3	13
12000042	13	17020042	20	17010023	20	17010076	15	17010030	10	17010035	3	14
12000042	14	17020042	20	17010023	20	17010076	15	17010030	10	17010035	4	15
12000042	15	17020042	20	17010023	20	17010076	15	17010030	10	17010035	4	16
12000042	16	17020042	20	17010023	20	17010076	15	17010030	10	17010035	4	17
12000042	17	17020042	20	17010023	20	17010076	15	17010030	10	17010035	5	18
12000042	18	17020042	20	17010023	20	17010076	15	17010030	10	17010035	5	0
12000043	1	17020043	5	17010003	5	0	0	0	0	0	0	2
12000043	2	17020043	10	17010003	10	17010015	5	0	0	0	0	3
12000043	3	17020043	15	17010013	15	17010025	10	17010030	5	0	0	4
12000043	4	17020043	20	17010007	20	17010023	15	17010030	10	0	0	5
12000043	5	17020043	20	17010015	20	17010077	15	17010030	10	17010035	1	6
12000043	6	17020043	20	17010025	20	17010077	15	17010030	10	17010035	1	7
12000043	7	17020043	20	17010025	20	17010077	15	17010030	10	17010035	1	8
12000043	8	17020043	20	17010025	20	17010077	15	17010030	10	17010035	2	9
12000043	9	17020043	20	17010025	20	17010077	15	17010030	10	17010035	2	10
12000043	10	17020043	20	17010025	20	17010077	15	17010030	10	17010035	2	11
12000043	11	17020043	20	17010025	20	17010077	15	17010030	10	17010035	3	12
12000043	12	17020043	20	17010025	20	17010077	15	17010030	10	17010035	3	13
12000043	13	17020043	20	17010025	20	17010077	15	17010030	10	17010035	3	14
12000043	14	17020043	20	17010025	20	17010077	15	17010030	10	17010035	4	15
12000043	15	17020043	20	17010025	20	17010077	15	17010030	10	17010035	4	16
12000043	16	17020043	20	17010025	20	17010077	15	17010030	10	17010035	4	17
12000043	17	17020043	20	17010025	20	17010077	15	17010030	10	17010035	5	18
12000043	18	17020043	20	17010025	20	17010077	15	17010030	10	17010035	5	0
12000044	1	17020044	5	17010004	5	0	0	0	0	0	0	2
12000044	2	17020044	10	17010004	10	17010011	5	0	0	0	0	3
12000044	3	17020044	15	17010014	15	17010028	10	17010030	5	0	0	4
12000044	4	17020044	20	17010000	20	17010024	15	17010030	10	0	0	5
12000044	5	17020044	20	17010019	20	17010078	15	17010030	10	17010035	1	6
12000044	6	17020044	20	17010028	20	17010078	15	17010030	10	17010035	1	7
12000044	7	17020044	20	17010028	20	17010078	15	17010030	10	17010035	1	8
12000044	8	17020044	20	17010028	20	17010078	15	17010030	10	17010035	2	9
12000044	9	17020044	20	17010028	20	17010078	15	17010030	10	17010035	2	10
12000044	10	17020044	20	17010028	20	17010078	15	17010030	10	17010035	2	11
12000044	11	17020044	20	17010028	20	17010078	15	17010030	10	17010035	3	12
12000044	12	17020044	20	17010028	20	17010078	15	17010030	10	17010035	3	13
12000044	13	17020044	20	17010028	20	17010078	15	17010030	10	17010035	3	14
12000044	14	17020044	20	17010028	20	17010078	15	17010030	10	17010035	4	15
12000044	15	17020044	20	17010028	20	17010078	15	17010030	10	17010035	4	16
12000044	16	17020044	20	17010028	20	17010078	15	17010030	10	17010035	4	17
12000044	17	17020044	20	17010028	20	17010078	15	17010030	10	17010035	5	18
12000044	18	17020044	20	17010028	20	17010078	15	17010030	10	17010035	5	0
12000045	1	17020045	5	17010005	5	0	0	0	0	0	0	2
12000045	2	17020045	10	17010005	10	17010012	5	0	0	0	0	3
12000045	3	17020045	15	17010015	15	17010024	10	17010030	5	0	0	4
12000045	4	17020045	20	17010008	20	17010025	15	17010030	10	0	0	5
12000045	5	17020045	20	17010010	20	17010079	15	17010030	10	17010035	1	6
12000045	6	17020045	20	17010024	20	17010079	15	17010030	10	17010035	1	7
12000045	7	17020045	20	17010024	20	17010079	15	17010030	10	17010035	1	8
12000045	8	17020045	20	17010024	20	17010079	15	17010030	10	17010035	2	9
12000045	9	17020045	20	17010024	20	17010079	15	17010030	10	17010035	2	10
12000045	10	17020045	20	17010024	20	17010079	15	17010030	10	17010035	2	11
12000045	11	17020045	20	17010024	20	17010079	15	17010030	10	17010035	3	12
12000045	12	17020045	20	17010024	20	17010079	15	17010030	10	17010035	3	13
12000045	13	17020045	20	17010024	20	17010079	15	17010030	10	17010035	3	14
12000045	14	17020045	20	17010024	20	17010079	15	17010030	10	17010035	4	15
12000045	15	17020045	20	17010024	20	17010079	15	17010030	10	17010035	4	16
12000045	16	17020045	20	17010024	20	17010079	15	17010030	10	17010035	4	17
12000045	17	17020045	20	17010024	20	17010079	15	17010030	10	17010035	5	18
12000045	18	17020045	20	17010024	20	17010079	15	17010030	10	17010035	5	0
12000046	1	17020046	5	17010006	5	0	0	0	0	0	0	2
12000046	2	17020046	10	17010006	10	17010019	5	0	0	0	0	3
12000046	3	17020046	15	17010016	15	17010027	10	17010030	5	0	0	4
12000046	4	17020046	20	17010000	20	17010026	15	17010030	10	0	0	5
12000046	5	17020046	20	17010014	20	17010080	15	17010030	10	17010035	1	6
12000046	6	17020046	20	17010027	20	17010080	15	17010030	10	17010035	1	7
12000046	7	17020046	20	17010027	20	17010080	15	17010030	10	17010035	1	8
12000046	8	17020046	20	17010027	20	17010080	15	17010030	10	17010035	2	9
12000046	9	17020046	20	17010027	20	17010080	15	17010030	10	17010035	2	10
12000046	10	17020046	20	17010027	20	17010080	15	17010030	10	17010035	2	11
12000046	11	17020046	20	17010027	20	17010080	15	17010030	10	17010035	3	12
12000046	12	17020046	20	17010027	20	17010080	15	17010030	10	17010035	3	13
12000046	13	17020046	20	17010027	20	17010080	15	17010030	10	17010035	3	14
12000046	14	17020046	20	17010027	20	17010080	15	17010030	10	17010035	4	15
12000046	15	17020046	20	17010027	20	17010080	15	17010030	10	17010035	4	16
12000046	16	17020046	20	17010027	20	17010080	15	17010030	10	17010035	4	17
12000046	17	17020046	20	17010027	20	17010080	15	17010030	10	17010035	5	18
12000046	18	17020046	20	17010027	20	17010080	15	17010030	10	17010035	5	0
12000047	1	17020047	5	17010007	5	0	0	0	0	0	0	2
12000047	2	17020047	10	17010007	10	17010016	5	0	0	0	0	3
12000047	3	17020047	15	17010017	15	17010023	10	17010030	5	0	0	4
12000047	4	17020047	20	17010003	20	17010027	15	17010030	10	0	0	5
12000047	5	17020047	20	17010011	20	17010081	15	17010030	10	17010035	1	6
12000047	6	17020047	20	17010023	20	17010081	15	17010030	10	17010035	1	7
12000047	7	17020047	20	17010023	20	17010081	15	17010030	10	17010035	1	8
12000047	8	17020047	20	17010023	20	17010081	15	17010030	10	17010035	2	9
12000047	9	17020047	20	17010023	20	17010081	15	17010030	10	17010035	2	10
12000047	10	17020047	20	17010023	20	17010081	15	17010030	10	17010035	2	11
12000047	11	17020047	20	17010023	20	17010081	15	17010030	10	17010035	3	12
12000047	12	17020047	20	17010023	20	17010081	15	17010030	10	17010035	3	13
12000047	13	17020047	20	17010023	20	17010081	15	17010030	10	17010035	3	14
12000047	14	17020047	20	17010023	20	17010081	15	17010030	10	17010035	4	15
12000047	15	17020047	20	17010023	20	17010081	15	17010030	10	17010035	4	16
12000047	16	17020047	20	17010023	20	17010081	15	17010030	10	17010035	4	17
12000047	17	17020047	20	17010023	20	17010081	15	17010030	10	17010035	5	18
12000047	18	17020047	20	17010023	20	17010081	15	17010030	10	17010035	5	0
12000048	1	17020048	5	17010008	5	0	0	0	0	0	0	2
12000048	2	17020048	10	17010008	10	17010017	5	0	0	0	0	3
12000048	3	17020048	15	17010018	15	17010026	10	17010030	5	0	0	4
12000048	4	17020048	20	17010009	20	17010028	15	17010030	10	0	0	5
12000048	5	17020048	20	17010012	20	17010082	15	17010030	10	17010035	1	6
12000048	6	17020048	20	17010026	20	17010082	15	17010030	10	17010035	1	7
12000048	7	17020048	20	17010026	20	17010082	15	17010030	10	17010035	1	8
12000048	8	17020048	20	17010026	20	17010082	15	17010030	10	17010035	2	9
12000048	9	17020048	20	17010026	20	17010082	15	17010030	10	17010035	2	10
12000048	10	17020048	20	17010026	20	17010082	15	17010030	10	17010035	2	11
12000048	11	17020048	20	17010026	20	17010082	15	17010030	10	17010035	3	12
12000048	12	17020048	20	17010026	20	17010082	15	17010030	10	17010035	3	13
12000048	13	17020048	20	17010026	20	17010082	15	17010030	10	17010035	3	14
12000048	14	17020048	20	17010026	20	17010082	15	17010030	10	17010035	4	15
12000048	15	17020048	20	17010026	20	17010082	15	17010030	10	17010035	4	16
12000048	16	17020048	20	17010026	20	17010082	15	17010030	10	17010035	4	17
12000048	17	17020048	20	17010026	20	17010082	15	17010030	10	17010035	5	18
12000048	18	17020048	20	17010026	20	17010082	15	17010030	10	17010035	5	0
12000049	1	17020049	5	17010009	5	0	0	0	0	0	0	2
12000049	2	17020049	10	17010009	10	17010012	5	0	0	0	0	3
12000049	3	17020049	15	17010019	15	17010025	10	17010030	5	0	0	4
12000049	4	17020049	20	17010003	20	17010029	15	17010030	10	0	0	5
12000049	5	17020049	20	17010013	20	17010083	15	17010030	10	17010035	1	6
12000049	6	17020049	20	17010025	20	17010083	15	17010030	10	17010035	1	7
12000049	7	17020049	20	17010025	20	17010083	15	17010030	10	17010035	1	8
12000049	8	17020049	20	17010025	20	17010083	15	17010030	10	17010035	2	9
12000049	9	17020049	20	17010025	20	17010083	15	17010030	10	17010035	2	10
12000049	10	17020049	20	17010025	20	17010083	15	17010030	10	17010035	2	11
12000049	11	17020049	20	17010025	20	17010083	15	17010030	10	17010035	3	12
12000049	12	17020049	20	17010025	20	17010083	15	17010030	10	17010035	3	13
12000049	13	17020049	20	17010025	20	17010083	15	17010030	10	17010035	3	14
12000049	14	17020049	20	17010025	20	17010083	15	17010030	10	17010035	4	15
12000049	15	17020049	20	17010025	20	17010083	15	17010030	10	17010035	4	16
12000049	16	17020049	20	17010025	20	17010083	15	17010030	10	17010035	4	17
12000049	17	17020049	20	17010025	20	17010083	15	17010030	10	17010035	5	18
12000049	18	17020049	20	17010025	20	17010083	15	17010030	10	17010035	5	0
12000050	1	17020001	10	17010001	10	0	0	0	0	0	0	2
12000050	2	17020001	20	17010001	20	17010017	10	0	0	0	0	3
12000050	3	17020001	30	17010011	30	17010029	20	17010030	10	0	0	4
12000050	4	17020001	40	17010005	40	17010021	30	17010030	20	0	0	5
12000050	5	17020001	40	17010018	40	17010075	30	17010030	20	17010035	2	6
12000050	6	17020001	40	17010029	40	17010075	30	17010030	20	17010035	2	7
12000050	7	17020001	40	17010029	40	17010075	30	17010030	20	17010035	2	8
12000050	8	17020001	40	17010029	40	17010075	30	17010030	20	17010035	4	9
12000050	9	17020001	40	17010029	40	17010075	30	17010030	20	17010035	4	10
12000050	10	17020001	40	17010029	40	17010075	30	17010030	20	17010035	4	11
12000050	11	17020001	40	17010029	40	17010075	30	17010030	20	17010035	6	12
12000050	12	17020001	40	17010029	40	17010075	30	17010030	20	17010035	6	13
12000050	13	17020001	40	17010029	40	17010075	30	17010030	20	17010035	6	14
12000050	14	17020001	40	17010029	40	17010075	30	17010030	20	17010035	8	15
12000050	15	17020001	40	17010029	40	17010075	30	17010030	20	17010035	8	16
12000050	16	17020001	40	17010029	40	17010075	30	17010030	20	17010035	8	17
12000050	17	17020001	40	17010029	40	17010075	30	17010030	20	17010035	10	18
12000050	18	17020001	40	17010029	40	17010075	30	17010030	20	17010035	10	0
