#装备id	下一品质装备id
id	nextid
17030050	17030051
17030051	17030052
17030052	17030053
17030053	17030054
17030054	17030055
17030055	17030056
17030056	17030057
17030057	17030058
17030058	17030059
17030059	17030060
17030060	17030061
17030061	17030062
17030062	17030063
17030063	17030064
17030064	17030065
17030065	17030066
17030066	17030067
17030067	17030068
17030068	17030069
17030069	17030070
17030070	17030071
17030071	17030072
17030072	17030073
17030073	17030074
17030074	17030075
17030075	17030076
17030076	17030077
17030077	17030078
17030078	17030079
17030079	17030080
17030080	17030081
17030081	17030082
17030082	17030083
17030083	17030084
17030084	17030085
17030085	17030086
17030086	17030087
17030087	17030088
17030088	17030089
17030089	17030090
17030090	17030091
17030091	17030092
17030092	17030093
17030093	17030094
17030094	17030095
17030095	17030096
17030096	17030097
17030097	17030098
17030098	17030099
17030099	17030100
17030100	17030101
17030101	17030102
17030102	17030103
17030103	17030104
17030104	17030105
17030105	17030106
17030106	17030107
17030107	17030108
17030108	17030109
17030109	17030110
17030110	17030111
17030111	17030112
17030112	17030113
17030113	17030114
17030114	17030115
17030115	17030116
17030116	17030117
17030117	17030118
17030118	17030119
17030119	17030120
17030120	17030121
17030121	17030122
17030122	17030123
17030123	17030124
17030124	17030125
17030125	17030126
17030126	17030127
17030127	17030128
17030128	17030129
17030129	17030130
17030130	17030131
17030131	17030132
17030132	17030133
17030133	17030134
17030134	17030135
17030135	17030136
17030136	17030137
17030137	17030138
17030138	17030139
17030139	17030140
17030140	17030141
17030141	17030142
17030142	17030143
17030143	17030144
17030144	17030145
17030145	17030146
17030146	17030147
17030147	17030148
17030148	17030149
17030149	17030150
17030150	17030151
17030151	17030152
17030152	17030153
17030153	17030154
17030154	17030155
17030155	17030156
17030156	17030157
17030157	17030158
17030158	17030159
17030159	17030160
17030160	17030161
17030161	17030162
17030162	17030163
17030163	17030164
17030164	17030165
17030165	17030166
17030166	17030167
17030167	17030168
17030168	17030169
17030169	17030170
17030170	17030171
17030171	17030172
17030172	17030173
17030173	17030174
17030174	17030175
17030175	17030176
17030176	17030177
17030177	17030178
17030178	17030179
17030179	17030180
17030180	17030181
17030181	17030182
17030182	17030183
17030183	17030184
17030184	17030185
17030185	17030186
17030186	17030187
17030187	17030188
17030188	17030189
17030189	17030190
17030190	17030191
17030191	17030192
17030192	17030193
17030193	17030194
17030194	17030195
17030195	17030196
17030196	17030197
17030197	17030198
17030198	17030199
17030199	17030200
17030200	17030201
17030201	17030202
17030202	17030203
17030203	17030204
17030204	17030205
17030205	17030206
17030206	17030207
17030207	17030208
17030208	17030209
17030209	17030210
17030210	17030211
17030211	17030212
17030212	17030213
17030213	17030214
17030214	17030215
17030215	17030216
17030216	17030217
17030217	17030218
17030218	17030219
17030219	17030220
17030220	17030221
17030221	17030222
17030222	17030223
17030223	17030224
17030224	17030225
17030225	17030226
17030226	17030227
17030227	17030228
17030228	17030229
17030229	17030230
17030230	17030231
17030231	17030232
17030232	17030233
17030233	17030234
17030234	17030235
17030235	17030236
17030236	17030237
17030237	17030238
17030238	17030239
17030239	17030240
17030240	17030241
17030241	17030242
17030242	17030243
17030243	17030244
17030244	17030245
17030245	17030246
17030246	17030247
17030247	17030248
17030248	17030249
17030249	17030250
17030250	17030251
17030251	17030252
17030252	17030253
17030253	17030254
17030254	17030255
17030255	17030256
17030256	17030257
17030257	17030258
17030258	17030259
17030259	17030260
17030260	17030261
17030261	17030262
17030262	17030263
17030263	17030264
17030264	17030265
17030265	17030266
17030266	17030267
17030267	17030268
17030268	17030269
17030269	17030270
17030270	17030271
17030271	17030272
17030272	17030273
17030273	17030274
17030274	17030275
17030275	17030276
17030276	17030277
17030277	17030278
17030278	17030279
17030279	17030280
17030280	17030281
17030281	17030282
17030282	17030283
17030283	17030284
17030284	17030285
17030285	17030286
17030286	17030287
17030287	17030288
17030288	17030289
17030289	17030290
17030290	17030291
17030291	17030292
17030292	17030293
17030293	17030294
17030294	17030295
17030295	17030296
17030296	17030297
17030297	17030298
17030298	17030299
17030299	17030300
17030300	17030301
17030301	17030302
17030302	17030303
17030303	17030304
17030304	17030305
17030305	17030306
17030306	17030307
17030307	17030308
17030308	17030309
17030309	17030310
17030310	17030311
17030311	17030312
17030312	17030313
17030313	17030314
17030314	17030315
17030315	17030316
17030316	17030317
17030317	17030318
17030318	17030319
17030319	17030320
17030320	17030321
17030321	17030322
17030322	17030323
17030323	17030324
17030324	17030325
17030325	17030326
17030326	17030327
17030327	17030328
17030328	17030329
17030329	17030330
17030330	17030331
17030331	17030332
17030332	17030333
17030333	17030334
17030334	17030335
17030335	17030336
17030336	17030337
17030337	17030338
17030338	17030339
17030339	17030340
17030340	17030341
17030341	17030342
17030342	17030343
17030343	17030344
17030344	17030345
17030345	17030346
17030346	17030347
17030347	17030348
17030348	17030349
17030349	17030350
17030350	17030351
17030351	17030352
17030352	17030353
17030353	17030354
17030354	17030355
17030355	17030356
17030356	17030357
17030357	17030358
17030358	17030359
17030359	17030360
17030360	17030361
17030361	17030362
17030362	17030363
17030363	17030364
17030364	17030365
17030365	17030366
17030366	17030367
17030367	17030368
17030368	17030369
17030369	17030370
17030370	17030371
17030371	17030372
17030372	17030373
17030373	17030374
17030374	17030375
17030375	17030376
17030376	17030377
17030377	17030378
17030378	17030379
17030379	17030380
17030380	17030381
17030381	17030382
17030382	17030383
17030383	17030384
17030384	17030385
17030385	17030386
17030386	17030387
17030387	17030388
17030388	17030389
17030389	17030390
17030390	17030391
17030391	17030392
17030392	17030393
17030393	17030394
17030394	17030395
17030395	17030396
17030396	17030397
17030397	17030398
17030398	17030399
17030399	17030400
17030400	17030401
17030401	17030402
17030402	17030403
17030403	17030404
17030404	17030405
17030405	17030406
17030406	17030407
17030407	17030408
17030408	17030409
17030409	17030410
17030410	17030411
17030411	17030412
17030412	17030413
17030413	17030414
17030414	17030415
17030415	17030416
17030416	17030417
17030417	17030418
17030418	17030419
17030419	17030420
17030420	17030421
17030421	17030422
17030422	17030423
17030423	17030424
17030424	17030425
17030425	17030426
17030426	17030427
17030427	17030428
17030428	17030429
17030429	17030430
17030430	17030431
17030431	17030432
17030432	17030433
17030433	17030434
17030434	17030435
17030435	17030436
17030436	17030437
17030437	17030438
17030438	17030439
17030439	17030440
17030440	17030441
17030441	17030442
17030442	17030443
17030443	17030444
17030444	17030445
17030445	17030446
17030446	17030447
17030447	17030448
17030448	17030449
17030449	17030450
17030450	17030451
17030451	17030452
17030452	17030453
17030453	17030454
17030454	17030455
17030455	17030456
17030456	17030457
