#榜单	机器人id	机器人排名
ranktype	id	pos
1	11000	5
1	10999	7
1	10998	8
1	10997	1
1	10996	6
1	10995	9
1	10994	10
1	10993	3
1	10992	2
1	10991	4
1	10990	11
1	10989	12
1	10988	13
1	10987	14
1	10986	15
1	10985	16
1	10984	17
1	10983	18
1	10982	19
1	10981	20
1	10980	21
1	10979	22
1	10978	23
1	10977	24
1	10976	25
1	10975	26
1	10974	27
1	10973	28
1	10972	29
1	10971	30
1	10970	31
1	10969	32
1	10968	33
1	10967	34
1	10966	35
1	10965	36
1	10964	37
1	10963	38
1	10962	39
1	10961	40
1	10960	41
1	10959	42
1	10958	43
1	10957	44
1	10956	45
1	10955	46
1	10954	47
1	10953	48
1	10952	49
1	10951	50
1	10950	51
1	10949	52
1	10948	53
1	10947	54
1	10946	55
1	10945	56
1	10944	57
1	10943	58
1	10942	59
1	10941	60
1	10940	61
1	10939	62
1	10938	63
1	10937	64
1	10936	65
1	10935	66
1	10934	67
1	10933	68
1	10932	69
1	10931	70
1	10930	71
1	10929	72
1	10928	73
1	10927	74
1	10926	75
1	10925	76
1	10924	77
1	10923	78
1	10922	79
1	10921	80
1	10920	81
1	10919	82
1	10918	83
1	10917	84
1	10916	85
1	10915	86
1	10914	87
1	10913	88
1	10912	89
1	10911	90
1	10910	91
1	10909	92
1	10908	93
1	10907	94
1	10906	95
1	10905	96
1	10904	97
1	10903	98
1	10902	99
1	10901	100
1	10900	101
1	10899	102
1	10898	103
1	10897	104
1	10896	105
1	10895	106
1	10894	107
1	10893	108
1	10892	109
1	10891	110
1	10890	111
1	10889	112
1	10888	113
1	10887	114
1	10886	115
1	10885	116
1	10884	117
1	10883	118
1	10882	119
1	10881	120
1	10880	121
1	10879	122
1	10878	123
1	10877	124
1	10876	125
1	10875	126
1	10874	127
1	10873	128
1	10872	129
1	10871	130
1	10870	131
1	10869	132
1	10868	133
1	10867	134
1	10866	135
1	10865	136
1	10864	137
1	10863	138
1	10862	139
1	10861	140
1	10860	141
1	10859	142
1	10858	143
1	10857	144
1	10856	145
1	10855	146
1	10854	147
1	10853	148
1	10852	149
1	10851	150
1	10850	151
1	10849	152
1	10848	153
1	10847	154
1	10846	155
1	10845	156
1	10844	157
1	10843	158
1	10842	159
1	10841	160
1	10840	161
1	10839	162
1	10838	163
1	10837	164
1	10836	165
1	10835	166
1	10834	167
1	10833	168
1	10832	169
1	10831	170
1	10830	171
1	10829	172
1	10828	173
1	10827	174
1	10826	175
1	10825	176
1	10824	177
1	10823	178
1	10822	179
1	10821	180
1	10820	181
1	10819	182
1	10818	183
1	10817	184
1	10816	185
1	10815	186
1	10814	187
1	10813	188
1	10812	189
1	10811	190
1	10810	191
1	10809	192
1	10808	193
1	10807	194
1	10806	195
1	10805	196
1	10804	197
1	10803	198
1	10802	199
1	10801	200
1	10800	201
1	10799	202
1	10798	203
1	10797	204
1	10796	205
1	10795	206
1	10794	207
1	10793	208
1	10792	209
1	10791	210
1	10790	211
1	10789	212
1	10788	213
1	10787	214
1	10786	215
1	10785	216
1	10784	217
1	10783	218
1	10782	219
1	10781	220
1	10780	221
1	10779	222
1	10778	223
1	10777	224
1	10776	225
1	10775	226
1	10774	227
1	10773	228
1	10772	229
1	10771	230
1	10770	231
1	10769	232
1	10768	233
1	10767	234
1	10766	235
1	10765	236
1	10764	237
1	10763	238
1	10762	239
1	10761	240
1	10760	241
1	10759	242
1	10758	243
1	10757	244
1	10756	245
1	10755	246
1	10754	247
1	10753	248
1	10752	249
1	10751	250
1	10750	251
1	10749	252
1	10748	253
1	10747	254
1	10746	255
1	10745	256
1	10744	257
1	10743	258
1	10742	259
1	10741	260
1	10740	261
1	10739	262
1	10738	263
1	10737	264
1	10736	265
1	10735	266
1	10734	267
1	10733	268
1	10732	269
1	10731	270
1	10730	271
1	10729	272
1	10728	273
1	10727	274
1	10726	275
1	10725	276
1	10724	277
1	10723	278
1	10722	279
1	10721	280
1	10720	281
1	10719	282
1	10718	283
1	10717	284
1	10716	285
1	10715	286
1	10714	287
1	10713	288
1	10712	289
1	10711	290
1	10710	291
1	10709	292
1	10708	293
1	10707	294
1	10706	295
1	10705	296
1	10704	297
1	10703	298
1	10702	299
1	10701	300
1	10700	301
1	10699	302
1	10698	303
1	10697	304
1	10696	305
1	10695	306
1	10694	307
1	10693	308
1	10692	309
1	10691	310
1	10690	311
1	10689	312
1	10688	313
1	10687	314
1	10686	315
1	10685	316
1	10684	317
1	10683	318
1	10682	319
1	10681	320
1	10680	321
1	10679	322
1	10678	323
1	10677	324
1	10676	325
1	10675	326
1	10674	327
1	10673	328
1	10672	329
1	10671	330
1	10670	331
1	10669	332
1	10668	333
1	10667	334
1	10666	335
1	10665	336
1	10664	337
1	10663	338
1	10662	339
1	10661	340
1	10660	341
1	10659	342
1	10658	343
1	10657	344
1	10656	345
1	10655	346
1	10654	347
1	10653	348
1	10652	349
1	10651	350
1	10650	351
1	10649	352
1	10648	353
1	10647	354
1	10646	355
1	10645	356
1	10644	357
1	10643	358
1	10642	359
1	10641	360
1	10640	361
1	10639	362
1	10638	363
1	10637	364
1	10636	365
1	10635	366
1	10634	367
1	10633	368
1	10632	369
1	10631	370
1	10630	371
1	10629	372
1	10628	373
1	10627	374
1	10626	375
1	10625	376
1	10624	377
1	10623	378
1	10622	379
1	10621	380
1	10620	381
1	10619	382
1	10618	383
1	10617	384
1	10616	385
1	10615	386
1	10614	387
1	10613	388
1	10612	389
1	10611	390
1	10610	391
1	10609	392
1	10608	393
1	10607	394
1	10606	395
1	10605	396
1	10604	397
1	10603	398
1	10602	399
1	10601	400
1	10600	401
1	10599	402
1	10598	403
1	10597	404
1	10596	405
1	10595	406
1	10594	407
1	10593	408
1	10592	409
1	10591	410
1	10590	411
1	10589	412
1	10588	413
1	10587	414
1	10586	415
1	10585	416
1	10584	417
1	10583	418
1	10582	419
1	10581	420
1	10580	421
1	10579	422
1	10578	423
1	10577	424
1	10576	425
1	10575	426
1	10574	427
1	10573	428
1	10572	429
1	10571	430
1	10570	431
1	10569	432
1	10568	433
1	10567	434
1	10566	435
1	10565	436
1	10564	437
1	10563	438
1	10562	439
1	10561	440
1	10560	441
1	10559	442
1	10558	443
1	10557	444
1	10556	445
1	10555	446
1	10554	447
1	10553	448
1	10552	449
1	10551	450
1	10550	451
1	10549	452
1	10548	453
1	10547	454
1	10546	455
1	10545	456
1	10544	457
1	10543	458
1	10542	459
1	10541	460
1	10540	461
1	10539	462
1	10538	463
1	10537	464
1	10536	465
1	10535	466
1	10534	467
1	10533	468
1	10532	469
1	10531	470
1	10530	471
1	10529	472
1	10528	473
1	10527	474
1	10526	475
1	10525	476
1	10524	477
1	10523	478
1	10522	479
1	10521	480
1	10520	481
1	10519	482
1	10518	483
1	10517	484
1	10516	485
1	10515	486
1	10514	487
1	10513	488
1	10512	489
1	10511	490
1	10510	491
1	10509	492
1	10508	493
1	10507	494
1	10506	495
1	10505	496
1	10504	497
1	10503	498
1	10502	499
1	10501	500
1	10500	501
1	10499	502
1	10498	503
1	10497	504
1	10496	505
1	10495	506
1	10494	507
1	10493	508
1	10492	509
1	10491	510
1	10490	511
1	10489	512
1	10488	513
1	10487	514
1	10486	515
1	10485	516
1	10484	517
1	10483	518
1	10482	519
1	10481	520
1	10480	521
1	10479	522
1	10478	523
1	10477	524
1	10476	525
1	10475	526
1	10474	527
1	10473	528
1	10472	529
1	10471	530
1	10470	531
1	10469	532
1	10468	533
1	10467	534
1	10466	535
1	10465	536
1	10464	537
1	10463	538
1	10462	539
1	10461	540
1	10460	541
1	10459	542
1	10458	543
1	10457	544
1	10456	545
1	10455	546
1	10454	547
1	10453	548
1	10452	549
1	10451	550
1	10450	551
1	10449	552
1	10448	553
1	10447	554
1	10446	555
1	10445	556
1	10444	557
1	10443	558
1	10442	559
1	10441	560
1	10440	561
1	10439	562
1	10438	563
1	10437	564
1	10436	565
1	10435	566
1	10434	567
1	10433	568
1	10432	569
1	10431	570
1	10430	571
1	10429	572
1	10428	573
1	10427	574
1	10426	575
1	10425	576
1	10424	577
1	10423	578
1	10422	579
1	10421	580
1	10420	581
1	10419	582
1	10418	583
1	10417	584
1	10416	585
1	10415	586
1	10414	587
1	10413	588
1	10412	589
1	10411	590
1	10410	591
1	10409	592
1	10408	593
1	10407	594
1	10406	595
1	10405	596
1	10404	597
1	10403	598
1	10402	599
1	10401	600
1	10400	601
1	10399	602
1	10398	603
1	10397	604
1	10396	605
1	10395	606
1	10394	607
1	10393	608
1	10392	609
1	10391	610
1	10390	611
1	10389	612
1	10388	613
1	10387	614
1	10386	615
1	10385	616
1	10384	617
1	10383	618
1	10382	619
1	10381	620
1	10380	621
1	10379	622
1	10378	623
1	10377	624
1	10376	625
1	10375	626
1	10374	627
1	10373	628
1	10372	629
1	10371	630
1	10370	631
1	10369	632
1	10368	633
1	10367	634
1	10366	635
1	10365	636
1	10364	637
1	10363	638
1	10362	639
1	10361	640
1	10360	641
1	10359	642
1	10358	643
1	10357	644
1	10356	645
1	10355	646
1	10354	647
1	10353	648
1	10352	649
1	10351	650
1	10350	651
1	10349	652
1	10348	653
1	10347	654
1	10346	655
1	10345	656
1	10344	657
1	10343	658
1	10342	659
1	10341	660
1	10340	661
1	10339	662
1	10338	663
1	10337	664
1	10336	665
1	10335	666
1	10334	667
1	10333	668
1	10332	669
1	10331	670
1	10330	671
1	10329	672
1	10328	673
1	10327	674
1	10326	675
1	10325	676
1	10324	677
1	10323	678
1	10322	679
1	10321	680
1	10320	681
1	10319	682
1	10318	683
1	10317	684
1	10316	685
1	10315	686
1	10314	687
1	10313	688
1	10312	689
1	10311	690
1	10310	691
1	10309	692
1	10308	693
1	10307	694
1	10306	695
1	10305	696
1	10304	697
1	10303	698
1	10302	699
1	10301	700
1	10300	701
1	10299	702
1	10298	703
1	10297	704
1	10296	705
1	10295	706
1	10294	707
1	10293	708
1	10292	709
1	10291	710
1	10290	711
1	10289	712
1	10288	713
1	10287	714
1	10286	715
1	10285	716
1	10284	717
1	10283	718
1	10282	719
1	10281	720
1	10280	721
1	10279	722
1	10278	723
1	10277	724
1	10276	725
1	10275	726
1	10274	727
1	10273	728
1	10272	729
1	10271	730
1	10270	731
1	10269	732
1	10268	733
1	10267	734
1	10266	735
1	10265	736
1	10264	737
1	10263	738
1	10262	739
1	10261	740
1	10260	741
1	10259	742
1	10258	743
1	10257	744
1	10256	745
1	10255	746
1	10254	747
1	10253	748
1	10252	749
1	10251	750
1	10250	751
1	10249	752
1	10248	753
1	10247	754
1	10246	755
1	10245	756
1	10244	757
1	10243	758
1	10242	759
1	10241	760
1	10240	761
1	10239	762
1	10238	763
1	10237	764
1	10236	765
1	10235	766
1	10234	767
1	10233	768
1	10232	769
1	10231	770
1	10230	771
1	10229	772
1	10228	773
1	10227	774
1	10226	775
1	10225	776
1	10224	777
1	10223	778
1	10222	779
1	10221	780
1	10220	781
1	10219	782
1	10218	783
1	10217	784
1	10216	785
1	10215	786
1	10214	787
1	10213	788
1	10212	789
1	10211	790
1	10210	791
1	10209	792
1	10208	793
1	10207	794
1	10206	795
1	10205	796
1	10204	797
1	10203	798
1	10202	799
1	10201	800
1	10200	801
1	10199	802
1	10198	803
1	10197	804
1	10196	805
1	10195	806
1	10194	807
1	10193	808
1	10192	809
1	10191	810
1	10190	811
1	10189	812
1	10188	813
1	10187	814
1	10186	815
1	10185	816
1	10184	817
1	10183	818
1	10182	819
1	10181	820
1	10180	821
1	10179	822
1	10178	823
1	10177	824
1	10176	825
1	10175	826
1	10174	827
1	10173	828
1	10172	829
1	10171	830
1	10170	831
1	10169	832
1	10168	833
1	10167	834
1	10166	835
1	10165	836
1	10164	837
1	10163	838
1	10162	839
1	10161	840
1	10160	841
1	10159	842
1	10158	843
1	10157	844
1	10156	845
1	10155	846
1	10154	847
1	10153	848
1	10152	849
1	10151	850
1	10150	851
1	10149	852
1	10148	853
1	10147	854
1	10146	855
1	10145	856
1	10144	857
1	10143	858
1	10142	859
1	10141	860
1	10140	861
1	10139	862
1	10138	863
1	10137	864
1	10136	865
1	10135	866
1	10134	867
1	10133	868
1	10132	869
1	10131	870
1	10130	871
1	10129	872
1	10128	873
1	10127	874
1	10126	875
1	10125	876
1	10124	877
1	10123	878
1	10122	879
1	10121	880
1	10120	881
1	10119	882
1	10118	883
1	10117	884
1	10116	885
1	10115	886
1	10114	887
1	10113	888
1	10112	889
1	10111	890
1	10110	891
1	10109	892
1	10108	893
1	10107	894
1	10106	895
1	10105	896
1	10104	897
1	10103	898
1	10102	899
1	10101	900
1	10100	901
1	10099	902
1	10098	903
1	10097	904
1	10096	905
1	10095	906
1	10094	907
1	10093	908
1	10092	909
1	10091	910
1	10090	911
1	10089	912
1	10088	913
1	10087	914
1	10086	915
1	10085	916
1	10084	917
1	10083	918
1	10082	919
1	10081	920
1	10080	921
1	10079	922
1	10078	923
1	10077	924
1	10076	925
1	10075	926
1	10074	927
1	10073	928
1	10072	929
1	10071	930
1	10070	931
1	10069	932
1	10068	933
1	10067	934
1	10066	935
1	10065	936
1	10064	937
1	10063	938
1	10062	939
1	10061	940
1	10060	941
1	10059	942
1	10058	943
1	10057	944
1	10056	945
1	10055	946
1	10054	947
1	10053	948
1	10052	949
1	10051	950
1	10050	951
1	10049	952
1	10048	953
1	10047	954
1	10046	955
1	10045	956
1	10044	957
1	10043	958
1	10042	959
1	10041	960
1	10040	961
1	10039	962
1	10038	963
1	10037	964
1	10036	965
1	10035	966
1	10034	967
1	10033	968
1	10032	969
1	10031	970
1	10030	971
1	10029	972
1	10028	973
1	10027	974
1	10026	975
1	10025	976
1	10024	977
1	10023	978
1	10022	979
1	10021	980
1	10020	981
1	10019	982
1	10018	983
1	10017	984
1	10016	985
1	10015	986
1	10014	987
1	10013	988
1	10012	989
1	10011	990
1	10010	997
1	10009	995
1	10008	999
1	10007	1000
1	10006	994
1	10005	998
1	10004	991
1	10003	992
1	10002	993
1	10001	996
2	11000	3
2	10999	8
2	10998	5
2	10997	4
2	10996	1
2	10995	6
2	10994	9
2	10993	2
2	10992	7
2	10991	10
2	10990	11
2	10989	12
2	10988	13
2	10987	14
2	10986	15
2	10985	16
2	10984	17
2	10983	18
2	10982	19
2	10981	20
2	10980	21
2	10979	22
2	10978	23
2	10977	24
2	10976	25
2	10975	26
2	10974	27
2	10973	28
2	10972	29
2	10971	30
2	10970	31
2	10969	32
2	10968	33
2	10967	34
2	10966	35
2	10965	36
2	10964	37
2	10963	38
2	10962	39
2	10961	40
2	10960	41
2	10959	42
2	10958	43
2	10957	44
2	10956	45
2	10955	46
2	10954	47
2	10953	48
2	10952	49
2	10951	50
2	10950	51
2	10949	52
2	10948	53
2	10947	54
2	10946	55
2	10945	56
2	10944	57
2	10943	58
2	10942	59
2	10941	60
2	10940	61
2	10939	62
2	10938	63
2	10937	64
2	10936	65
2	10935	66
2	10934	67
2	10933	68
2	10932	69
2	10931	70
2	10930	71
2	10929	72
2	10928	73
2	10927	74
2	10926	75
2	10925	76
2	10924	77
2	10923	78
2	10922	79
2	10921	80
2	10920	81
2	10919	82
2	10918	83
2	10917	84
2	10916	85
2	10915	86
2	10914	87
2	10913	88
2	10912	89
2	10911	90
2	10910	91
2	10909	92
2	10908	93
2	10907	94
2	10906	95
2	10905	96
2	10904	97
2	10903	98
2	10902	99
2	10901	100
2	10900	101
2	10899	102
2	10898	103
2	10897	104
2	10896	105
2	10895	106
2	10894	107
2	10893	108
2	10892	109
2	10891	110
2	10890	111
2	10889	112
2	10888	113
2	10887	114
2	10886	115
2	10885	116
2	10884	117
2	10883	118
2	10882	119
2	10881	120
2	10880	121
2	10879	122
2	10878	123
2	10877	124
2	10876	125
2	10875	126
2	10874	127
2	10873	128
2	10872	129
2	10871	130
2	10870	131
2	10869	132
2	10868	133
2	10867	134
2	10866	135
2	10865	136
2	10864	137
2	10863	138
2	10862	139
2	10861	140
2	10860	141
2	10859	142
2	10858	143
2	10857	144
2	10856	145
2	10855	146
2	10854	147
2	10853	148
2	10852	149
2	10851	150
2	10850	151
2	10849	152
2	10848	153
2	10847	154
2	10846	155
2	10845	156
2	10844	157
2	10843	158
2	10842	159
2	10841	160
2	10840	161
2	10839	162
2	10838	163
2	10837	164
2	10836	165
2	10835	166
2	10834	167
2	10833	168
2	10832	169
2	10831	170
2	10830	171
2	10829	172
2	10828	173
2	10827	174
2	10826	175
2	10825	176
2	10824	177
2	10823	178
2	10822	179
2	10821	180
2	10820	181
2	10819	182
2	10818	183
2	10817	184
2	10816	185
2	10815	186
2	10814	187
2	10813	188
2	10812	189
2	10811	190
2	10810	191
2	10809	192
2	10808	193
2	10807	194
2	10806	195
2	10805	196
2	10804	197
2	10803	198
2	10802	199
2	10801	200
2	10800	201
2	10799	202
2	10798	203
2	10797	204
2	10796	205
2	10795	206
2	10794	207
2	10793	208
2	10792	209
2	10791	210
2	10790	211
2	10789	212
2	10788	213
2	10787	214
2	10786	215
2	10785	216
2	10784	217
2	10783	218
2	10782	219
2	10781	220
2	10780	221
2	10779	222
2	10778	223
2	10777	224
2	10776	225
2	10775	226
2	10774	227
2	10773	228
2	10772	229
2	10771	230
2	10770	231
2	10769	232
2	10768	233
2	10767	234
2	10766	235
2	10765	236
2	10764	237
2	10763	238
2	10762	239
2	10761	240
2	10760	241
2	10759	242
2	10758	243
2	10757	244
2	10756	245
2	10755	246
2	10754	247
2	10753	248
2	10752	249
2	10751	250
2	10750	251
2	10749	252
2	10748	253
2	10747	254
2	10746	255
2	10745	256
2	10744	257
2	10743	258
2	10742	259
2	10741	260
2	10740	261
2	10739	262
2	10738	263
2	10737	264
2	10736	265
2	10735	266
2	10734	267
2	10733	268
2	10732	269
2	10731	270
2	10730	271
2	10729	272
2	10728	273
2	10727	274
2	10726	275
2	10725	276
2	10724	277
2	10723	278
2	10722	279
2	10721	280
2	10720	281
2	10719	282
2	10718	283
2	10717	284
2	10716	285
2	10715	286
2	10714	287
2	10713	288
2	10712	289
2	10711	290
2	10710	291
2	10709	292
2	10708	293
2	10707	294
2	10706	295
2	10705	296
2	10704	297
2	10703	298
2	10702	299
2	10701	300
2	10700	301
2	10699	302
2	10698	303
2	10697	304
2	10696	305
2	10695	306
2	10694	307
2	10693	308
2	10692	309
2	10691	310
2	10690	311
2	10689	312
2	10688	313
2	10687	314
2	10686	315
2	10685	316
2	10684	317
2	10683	318
2	10682	319
2	10681	320
2	10680	321
2	10679	322
2	10678	323
2	10677	324
2	10676	325
2	10675	326
2	10674	327
2	10673	328
2	10672	329
2	10671	330
2	10670	331
2	10669	332
2	10668	333
2	10667	334
2	10666	335
2	10665	336
2	10664	337
2	10663	338
2	10662	339
2	10661	340
2	10660	341
2	10659	342
2	10658	343
2	10657	344
2	10656	345
2	10655	346
2	10654	347
2	10653	348
2	10652	349
2	10651	350
2	10650	351
2	10649	352
2	10648	353
2	10647	354
2	10646	355
2	10645	356
2	10644	357
2	10643	358
2	10642	359
2	10641	360
2	10640	361
2	10639	362
2	10638	363
2	10637	364
2	10636	365
2	10635	366
2	10634	367
2	10633	368
2	10632	369
2	10631	370
2	10630	371
2	10629	372
2	10628	373
2	10627	374
2	10626	375
2	10625	376
2	10624	377
2	10623	378
2	10622	379
2	10621	380
2	10620	381
2	10619	382
2	10618	383
2	10617	384
2	10616	385
2	10615	386
2	10614	387
2	10613	388
2	10612	389
2	10611	390
2	10610	391
2	10609	392
2	10608	393
2	10607	394
2	10606	395
2	10605	396
2	10604	397
2	10603	398
2	10602	399
2	10601	400
2	10600	401
2	10599	402
2	10598	403
2	10597	404
2	10596	405
2	10595	406
2	10594	407
2	10593	408
2	10592	409
2	10591	410
2	10590	411
2	10589	412
2	10588	413
2	10587	414
2	10586	415
2	10585	416
2	10584	417
2	10583	418
2	10582	419
2	10581	420
2	10580	421
2	10579	422
2	10578	423
2	10577	424
2	10576	425
2	10575	426
2	10574	427
2	10573	428
2	10572	429
2	10571	430
2	10570	431
2	10569	432
2	10568	433
2	10567	434
2	10566	435
2	10565	436
2	10564	437
2	10563	438
2	10562	439
2	10561	440
2	10560	441
2	10559	442
2	10558	443
2	10557	444
2	10556	445
2	10555	446
2	10554	447
2	10553	448
2	10552	449
2	10551	450
2	10550	451
2	10549	452
2	10548	453
2	10547	454
2	10546	455
2	10545	456
2	10544	457
2	10543	458
2	10542	459
2	10541	460
2	10540	461
2	10539	462
2	10538	463
2	10537	464
2	10536	465
2	10535	466
2	10534	467
2	10533	468
2	10532	469
2	10531	470
2	10530	471
2	10529	472
2	10528	473
2	10527	474
2	10526	475
2	10525	476
2	10524	477
2	10523	478
2	10522	479
2	10521	480
2	10520	481
2	10519	482
2	10518	483
2	10517	484
2	10516	485
2	10515	486
2	10514	487
2	10513	488
2	10512	489
2	10511	490
2	10510	491
2	10509	492
2	10508	493
2	10507	494
2	10506	495
2	10505	496
2	10504	497
2	10503	498
2	10502	499
2	10501	500
2	10500	501
2	10499	502
2	10498	503
2	10497	504
2	10496	505
2	10495	506
2	10494	507
2	10493	508
2	10492	509
2	10491	510
2	10490	511
2	10489	512
2	10488	513
2	10487	514
2	10486	515
2	10485	516
2	10484	517
2	10483	518
2	10482	519
2	10481	520
2	10480	521
2	10479	522
2	10478	523
2	10477	524
2	10476	525
2	10475	526
2	10474	527
2	10473	528
2	10472	529
2	10471	530
2	10470	531
2	10469	532
2	10468	533
2	10467	534
2	10466	535
2	10465	536
2	10464	537
2	10463	538
2	10462	539
2	10461	540
2	10460	541
2	10459	542
2	10458	543
2	10457	544
2	10456	545
2	10455	546
2	10454	547
2	10453	548
2	10452	549
2	10451	550
2	10450	551
2	10449	552
2	10448	553
2	10447	554
2	10446	555
2	10445	556
2	10444	557
2	10443	558
2	10442	559
2	10441	560
2	10440	561
2	10439	562
2	10438	563
2	10437	564
2	10436	565
2	10435	566
2	10434	567
2	10433	568
2	10432	569
2	10431	570
2	10430	571
2	10429	572
2	10428	573
2	10427	574
2	10426	575
2	10425	576
2	10424	577
2	10423	578
2	10422	579
2	10421	580
2	10420	581
2	10419	582
2	10418	583
2	10417	584
2	10416	585
2	10415	586
2	10414	587
2	10413	588
2	10412	589
2	10411	590
2	10410	591
2	10409	592
2	10408	593
2	10407	594
2	10406	595
2	10405	596
2	10404	597
2	10403	598
2	10402	599
2	10401	600
2	10400	601
2	10399	602
2	10398	603
2	10397	604
2	10396	605
2	10395	606
2	10394	607
2	10393	608
2	10392	609
2	10391	610
2	10390	611
2	10389	612
2	10388	613
2	10387	614
2	10386	615
2	10385	616
2	10384	617
2	10383	618
2	10382	619
2	10381	620
2	10380	621
2	10379	622
2	10378	623
2	10377	624
2	10376	625
2	10375	626
2	10374	627
2	10373	628
2	10372	629
2	10371	630
2	10370	631
2	10369	632
2	10368	633
2	10367	634
2	10366	635
2	10365	636
2	10364	637
2	10363	638
2	10362	639
2	10361	640
2	10360	641
2	10359	642
2	10358	643
2	10357	644
2	10356	645
2	10355	646
2	10354	647
2	10353	648
2	10352	649
2	10351	650
2	10350	651
2	10349	652
2	10348	653
2	10347	654
2	10346	655
2	10345	656
2	10344	657
2	10343	658
2	10342	659
2	10341	660
2	10340	661
2	10339	662
2	10338	663
2	10337	664
2	10336	665
2	10335	666
2	10334	667
2	10333	668
2	10332	669
2	10331	670
2	10330	671
2	10329	672
2	10328	673
2	10327	674
2	10326	675
2	10325	676
2	10324	677
2	10323	678
2	10322	679
2	10321	680
2	10320	681
2	10319	682
2	10318	683
2	10317	684
2	10316	685
2	10315	686
2	10314	687
2	10313	688
2	10312	689
2	10311	690
2	10310	691
2	10309	692
2	10308	693
2	10307	694
2	10306	695
2	10305	696
2	10304	697
2	10303	698
2	10302	699
2	10301	700
2	10300	701
2	10299	702
2	10298	703
2	10297	704
2	10296	705
2	10295	706
2	10294	707
2	10293	708
2	10292	709
2	10291	710
2	10290	711
2	10289	712
2	10288	713
2	10287	714
2	10286	715
2	10285	716
2	10284	717
2	10283	718
2	10282	719
2	10281	720
2	10280	721
2	10279	722
2	10278	723
2	10277	724
2	10276	725
2	10275	726
2	10274	727
2	10273	728
2	10272	729
2	10271	730
2	10270	731
2	10269	732
2	10268	733
2	10267	734
2	10266	735
2	10265	736
2	10264	737
2	10263	738
2	10262	739
2	10261	740
2	10260	741
2	10259	742
2	10258	743
2	10257	744
2	10256	745
2	10255	746
2	10254	747
2	10253	748
2	10252	749
2	10251	750
2	10250	751
2	10249	752
2	10248	753
2	10247	754
2	10246	755
2	10245	756
2	10244	757
2	10243	758
2	10242	759
2	10241	760
2	10240	761
2	10239	762
2	10238	763
2	10237	764
2	10236	765
2	10235	766
2	10234	767
2	10233	768
2	10232	769
2	10231	770
2	10230	771
2	10229	772
2	10228	773
2	10227	774
2	10226	775
2	10225	776
2	10224	777
2	10223	778
2	10222	779
2	10221	780
2	10220	781
2	10219	782
2	10218	783
2	10217	784
2	10216	785
2	10215	786
2	10214	787
2	10213	788
2	10212	789
2	10211	790
2	10210	791
2	10209	792
2	10208	793
2	10207	794
2	10206	795
2	10205	796
2	10204	797
2	10203	798
2	10202	799
2	10201	800
2	10200	801
2	10199	802
2	10198	803
2	10197	804
2	10196	805
2	10195	806
2	10194	807
2	10193	808
2	10192	809
2	10191	810
2	10190	811
2	10189	812
2	10188	813
2	10187	814
2	10186	815
2	10185	816
2	10184	817
2	10183	818
2	10182	819
2	10181	820
2	10180	821
2	10179	822
2	10178	823
2	10177	824
2	10176	825
2	10175	826
2	10174	827
2	10173	828
2	10172	829
2	10171	830
2	10170	831
2	10169	832
2	10168	833
2	10167	834
2	10166	835
2	10165	836
2	10164	837
2	10163	838
2	10162	839
2	10161	840
2	10160	841
2	10159	842
2	10158	843
2	10157	844
2	10156	845
2	10155	846
2	10154	847
2	10153	848
2	10152	849
2	10151	850
2	10150	851
2	10149	852
2	10148	853
2	10147	854
2	10146	855
2	10145	856
2	10144	857
2	10143	858
2	10142	859
2	10141	860
2	10140	861
2	10139	862
2	10138	863
2	10137	864
2	10136	865
2	10135	866
2	10134	867
2	10133	868
2	10132	869
2	10131	870
2	10130	871
2	10129	872
2	10128	873
2	10127	874
2	10126	875
2	10125	876
2	10124	877
2	10123	878
2	10122	879
2	10121	880
2	10120	881
2	10119	882
2	10118	883
2	10117	884
2	10116	885
2	10115	886
2	10114	887
2	10113	888
2	10112	889
2	10111	890
2	10110	891
2	10109	892
2	10108	893
2	10107	894
2	10106	895
2	10105	896
2	10104	897
2	10103	898
2	10102	899
2	10101	900
2	10100	901
2	10099	902
2	10098	903
2	10097	904
2	10096	905
2	10095	906
2	10094	907
2	10093	908
2	10092	909
2	10091	910
2	10090	911
2	10089	912
2	10088	913
2	10087	914
2	10086	915
2	10085	916
2	10084	917
2	10083	918
2	10082	919
2	10081	920
2	10080	921
2	10079	922
2	10078	923
2	10077	924
2	10076	925
2	10075	926
2	10074	927
2	10073	928
2	10072	929
2	10071	930
2	10070	931
2	10069	932
2	10068	933
2	10067	934
2	10066	935
2	10065	936
2	10064	937
2	10063	938
2	10062	939
2	10061	940
2	10060	941
2	10059	942
2	10058	943
2	10057	944
2	10056	945
2	10055	946
2	10054	947
2	10053	948
2	10052	949
2	10051	950
2	10050	951
2	10049	952
2	10048	953
2	10047	954
2	10046	955
2	10045	956
2	10044	957
2	10043	958
2	10042	959
2	10041	960
2	10040	961
2	10039	962
2	10038	963
2	10037	964
2	10036	965
2	10035	966
2	10034	967
2	10033	968
2	10032	969
2	10031	970
2	10030	971
2	10029	972
2	10028	973
2	10027	974
2	10026	975
2	10025	976
2	10024	977
2	10023	978
2	10022	979
2	10021	980
2	10020	981
2	10019	982
2	10018	983
2	10017	984
2	10016	985
2	10015	986
2	10014	987
2	10013	988
2	10012	989
2	10011	990
2	10010	991
2	10009	996
2	10008	1000
2	10007	997
2	10006	994
2	10005	998
2	10004	992
2	10003	993
2	10002	995
2	10001	999
3	11000	3
3	10999	1
3	10998	10
3	10997	7
3	10996	4
3	10995	6
3	10994	2
3	10993	9
3	10992	5
3	10991	8
3	10990	11
3	10989	12
3	10988	13
3	10987	14
3	10986	15
3	10985	16
3	10984	17
3	10983	18
3	10982	19
3	10981	20
3	10980	21
3	10979	22
3	10978	23
3	10977	24
3	10976	25
3	10975	26
3	10974	27
3	10973	28
3	10972	29
3	10971	30
3	10970	31
3	10969	32
3	10968	33
3	10967	34
3	10966	35
3	10965	36
3	10964	37
3	10963	38
3	10962	39
3	10961	40
3	10960	41
3	10959	42
3	10958	43
3	10957	44
3	10956	45
3	10955	46
3	10954	47
3	10953	48
3	10952	49
3	10951	50
3	10950	51
3	10949	52
3	10948	53
3	10947	54
3	10946	55
3	10945	56
3	10944	57
3	10943	58
3	10942	59
3	10941	60
3	10940	61
3	10939	62
3	10938	63
3	10937	64
3	10936	65
3	10935	66
3	10934	67
3	10933	68
3	10932	69
3	10931	70
3	10930	71
3	10929	72
3	10928	73
3	10927	74
3	10926	75
3	10925	76
3	10924	77
3	10923	78
3	10922	79
3	10921	80
3	10920	81
3	10919	82
3	10918	83
3	10917	84
3	10916	85
3	10915	86
3	10914	87
3	10913	88
3	10912	89
3	10911	90
3	10910	91
3	10909	92
3	10908	93
3	10907	94
3	10906	95
3	10905	96
3	10904	97
3	10903	98
3	10902	99
3	10901	100
3	10900	101
3	10899	102
3	10898	103
3	10897	104
3	10896	105
3	10895	106
3	10894	107
3	10893	108
3	10892	109
3	10891	110
3	10890	111
3	10889	112
3	10888	113
3	10887	114
3	10886	115
3	10885	116
3	10884	117
3	10883	118
3	10882	119
3	10881	120
3	10880	121
3	10879	122
3	10878	123
3	10877	124
3	10876	125
3	10875	126
3	10874	127
3	10873	128
3	10872	129
3	10871	130
3	10870	131
3	10869	132
3	10868	133
3	10867	134
3	10866	135
3	10865	136
3	10864	137
3	10863	138
3	10862	139
3	10861	140
3	10860	141
3	10859	142
3	10858	143
3	10857	144
3	10856	145
3	10855	146
3	10854	147
3	10853	148
3	10852	149
3	10851	150
3	10850	151
3	10849	152
3	10848	153
3	10847	154
3	10846	155
3	10845	156
3	10844	157
3	10843	158
3	10842	159
3	10841	160
3	10840	161
3	10839	162
3	10838	163
3	10837	164
3	10836	165
3	10835	166
3	10834	167
3	10833	168
3	10832	169
3	10831	170
3	10830	171
3	10829	172
3	10828	173
3	10827	174
3	10826	175
3	10825	176
3	10824	177
3	10823	178
3	10822	179
3	10821	180
3	10820	181
3	10819	182
3	10818	183
3	10817	184
3	10816	185
3	10815	186
3	10814	187
3	10813	188
3	10812	189
3	10811	190
3	10810	191
3	10809	192
3	10808	193
3	10807	194
3	10806	195
3	10805	196
3	10804	197
3	10803	198
3	10802	199
3	10801	200
3	10800	201
3	10799	202
3	10798	203
3	10797	204
3	10796	205
3	10795	206
3	10794	207
3	10793	208
3	10792	209
3	10791	210
3	10790	211
3	10789	212
3	10788	213
3	10787	214
3	10786	215
3	10785	216
3	10784	217
3	10783	218
3	10782	219
3	10781	220
3	10780	221
3	10779	222
3	10778	223
3	10777	224
3	10776	225
3	10775	226
3	10774	227
3	10773	228
3	10772	229
3	10771	230
3	10770	231
3	10769	232
3	10768	233
3	10767	234
3	10766	235
3	10765	236
3	10764	237
3	10763	238
3	10762	239
3	10761	240
3	10760	241
3	10759	242
3	10758	243
3	10757	244
3	10756	245
3	10755	246
3	10754	247
3	10753	248
3	10752	249
3	10751	250
3	10750	251
3	10749	252
3	10748	253
3	10747	254
3	10746	255
3	10745	256
3	10744	257
3	10743	258
3	10742	259
3	10741	260
3	10740	261
3	10739	262
3	10738	263
3	10737	264
3	10736	265
3	10735	266
3	10734	267
3	10733	268
3	10732	269
3	10731	270
3	10730	271
3	10729	272
3	10728	273
3	10727	274
3	10726	275
3	10725	276
3	10724	277
3	10723	278
3	10722	279
3	10721	280
3	10720	281
3	10719	282
3	10718	283
3	10717	284
3	10716	285
3	10715	286
3	10714	287
3	10713	288
3	10712	289
3	10711	290
3	10710	291
3	10709	292
3	10708	293
3	10707	294
3	10706	295
3	10705	296
3	10704	297
3	10703	298
3	10702	299
3	10701	300
3	10700	301
3	10699	302
3	10698	303
3	10697	304
3	10696	305
3	10695	306
3	10694	307
3	10693	308
3	10692	309
3	10691	310
3	10690	311
3	10689	312
3	10688	313
3	10687	314
3	10686	315
3	10685	316
3	10684	317
3	10683	318
3	10682	319
3	10681	320
3	10680	321
3	10679	322
3	10678	323
3	10677	324
3	10676	325
3	10675	326
3	10674	327
3	10673	328
3	10672	329
3	10671	330
3	10670	331
3	10669	332
3	10668	333
3	10667	334
3	10666	335
3	10665	336
3	10664	337
3	10663	338
3	10662	339
3	10661	340
3	10660	341
3	10659	342
3	10658	343
3	10657	344
3	10656	345
3	10655	346
3	10654	347
3	10653	348
3	10652	349
3	10651	350
3	10650	351
3	10649	352
3	10648	353
3	10647	354
3	10646	355
3	10645	356
3	10644	357
3	10643	358
3	10642	359
3	10641	360
3	10640	361
3	10639	362
3	10638	363
3	10637	364
3	10636	365
3	10635	366
3	10634	367
3	10633	368
3	10632	369
3	10631	370
3	10630	371
3	10629	372
3	10628	373
3	10627	374
3	10626	375
3	10625	376
3	10624	377
3	10623	378
3	10622	379
3	10621	380
3	10620	381
3	10619	382
3	10618	383
3	10617	384
3	10616	385
3	10615	386
3	10614	387
3	10613	388
3	10612	389
3	10611	390
3	10610	391
3	10609	392
3	10608	393
3	10607	394
3	10606	395
3	10605	396
3	10604	397
3	10603	398
3	10602	399
3	10601	400
3	10600	401
3	10599	402
3	10598	403
3	10597	404
3	10596	405
3	10595	406
3	10594	407
3	10593	408
3	10592	409
3	10591	410
3	10590	411
3	10589	412
3	10588	413
3	10587	414
3	10586	415
3	10585	416
3	10584	417
3	10583	418
3	10582	419
3	10581	420
3	10580	421
3	10579	422
3	10578	423
3	10577	424
3	10576	425
3	10575	426
3	10574	427
3	10573	428
3	10572	429
3	10571	430
3	10570	431
3	10569	432
3	10568	433
3	10567	434
3	10566	435
3	10565	436
3	10564	437
3	10563	438
3	10562	439
3	10561	440
3	10560	441
3	10559	442
3	10558	443
3	10557	444
3	10556	445
3	10555	446
3	10554	447
3	10553	448
3	10552	449
3	10551	450
3	10550	451
3	10549	452
3	10548	453
3	10547	454
3	10546	455
3	10545	456
3	10544	457
3	10543	458
3	10542	459
3	10541	460
3	10540	461
3	10539	462
3	10538	463
3	10537	464
3	10536	465
3	10535	466
3	10534	467
3	10533	468
3	10532	469
3	10531	470
3	10530	471
3	10529	472
3	10528	473
3	10527	474
3	10526	475
3	10525	476
3	10524	477
3	10523	478
3	10522	479
3	10521	480
3	10520	481
3	10519	482
3	10518	483
3	10517	484
3	10516	485
3	10515	486
3	10514	487
3	10513	488
3	10512	489
3	10511	490
3	10510	491
3	10509	492
3	10508	493
3	10507	494
3	10506	495
3	10505	496
3	10504	497
3	10503	498
3	10502	499
3	10501	500
3	10500	501
3	10499	502
3	10498	503
3	10497	504
3	10496	505
3	10495	506
3	10494	507
3	10493	508
3	10492	509
3	10491	510
3	10490	511
3	10489	512
3	10488	513
3	10487	514
3	10486	515
3	10485	516
3	10484	517
3	10483	518
3	10482	519
3	10481	520
3	10480	521
3	10479	522
3	10478	523
3	10477	524
3	10476	525
3	10475	526
3	10474	527
3	10473	528
3	10472	529
3	10471	530
3	10470	531
3	10469	532
3	10468	533
3	10467	534
3	10466	535
3	10465	536
3	10464	537
3	10463	538
3	10462	539
3	10461	540
3	10460	541
3	10459	542
3	10458	543
3	10457	544
3	10456	545
3	10455	546
3	10454	547
3	10453	548
3	10452	549
3	10451	550
3	10450	551
3	10449	552
3	10448	553
3	10447	554
3	10446	555
3	10445	556
3	10444	557
3	10443	558
3	10442	559
3	10441	560
3	10440	561
3	10439	562
3	10438	563
3	10437	564
3	10436	565
3	10435	566
3	10434	567
3	10433	568
3	10432	569
3	10431	570
3	10430	571
3	10429	572
3	10428	573
3	10427	574
3	10426	575
3	10425	576
3	10424	577
3	10423	578
3	10422	579
3	10421	580
3	10420	581
3	10419	582
3	10418	583
3	10417	584
3	10416	585
3	10415	586
3	10414	587
3	10413	588
3	10412	589
3	10411	590
3	10410	591
3	10409	592
3	10408	593
3	10407	594
3	10406	595
3	10405	596
3	10404	597
3	10403	598
3	10402	599
3	10401	600
3	10400	601
3	10399	602
3	10398	603
3	10397	604
3	10396	605
3	10395	606
3	10394	607
3	10393	608
3	10392	609
3	10391	610
3	10390	611
3	10389	612
3	10388	613
3	10387	614
3	10386	615
3	10385	616
3	10384	617
3	10383	618
3	10382	619
3	10381	620
3	10380	621
3	10379	622
3	10378	623
3	10377	624
3	10376	625
3	10375	626
3	10374	627
3	10373	628
3	10372	629
3	10371	630
3	10370	631
3	10369	632
3	10368	633
3	10367	634
3	10366	635
3	10365	636
3	10364	637
3	10363	638
3	10362	639
3	10361	640
3	10360	641
3	10359	642
3	10358	643
3	10357	644
3	10356	645
3	10355	646
3	10354	647
3	10353	648
3	10352	649
3	10351	650
3	10350	651
3	10349	652
3	10348	653
3	10347	654
3	10346	655
3	10345	656
3	10344	657
3	10343	658
3	10342	659
3	10341	660
3	10340	661
3	10339	662
3	10338	663
3	10337	664
3	10336	665
3	10335	666
3	10334	667
3	10333	668
3	10332	669
3	10331	670
3	10330	671
3	10329	672
3	10328	673
3	10327	674
3	10326	675
3	10325	676
3	10324	677
3	10323	678
3	10322	679
3	10321	680
3	10320	681
3	10319	682
3	10318	683
3	10317	684
3	10316	685
3	10315	686
3	10314	687
3	10313	688
3	10312	689
3	10311	690
3	10310	691
3	10309	692
3	10308	693
3	10307	694
3	10306	695
3	10305	696
3	10304	697
3	10303	698
3	10302	699
3	10301	700
3	10300	701
3	10299	702
3	10298	703
3	10297	704
3	10296	705
3	10295	706
3	10294	707
3	10293	708
3	10292	709
3	10291	710
3	10290	711
3	10289	712
3	10288	713
3	10287	714
3	10286	715
3	10285	716
3	10284	717
3	10283	718
3	10282	719
3	10281	720
3	10280	721
3	10279	722
3	10278	723
3	10277	724
3	10276	725
3	10275	726
3	10274	727
3	10273	728
3	10272	729
3	10271	730
3	10270	731
3	10269	732
3	10268	733
3	10267	734
3	10266	735
3	10265	736
3	10264	737
3	10263	738
3	10262	739
3	10261	740
3	10260	741
3	10259	742
3	10258	743
3	10257	744
3	10256	745
3	10255	746
3	10254	747
3	10253	748
3	10252	749
3	10251	750
3	10250	751
3	10249	752
3	10248	753
3	10247	754
3	10246	755
3	10245	756
3	10244	757
3	10243	758
3	10242	759
3	10241	760
3	10240	761
3	10239	762
3	10238	763
3	10237	764
3	10236	765
3	10235	766
3	10234	767
3	10233	768
3	10232	769
3	10231	770
3	10230	771
3	10229	772
3	10228	773
3	10227	774
3	10226	775
3	10225	776
3	10224	777
3	10223	778
3	10222	779
3	10221	780
3	10220	781
3	10219	782
3	10218	783
3	10217	784
3	10216	785
3	10215	786
3	10214	787
3	10213	788
3	10212	789
3	10211	790
3	10210	791
3	10209	792
3	10208	793
3	10207	794
3	10206	795
3	10205	796
3	10204	797
3	10203	798
3	10202	799
3	10201	800
3	10200	801
3	10199	802
3	10198	803
3	10197	804
3	10196	805
3	10195	806
3	10194	807
3	10193	808
3	10192	809
3	10191	810
3	10190	811
3	10189	812
3	10188	813
3	10187	814
3	10186	815
3	10185	816
3	10184	817
3	10183	818
3	10182	819
3	10181	820
3	10180	821
3	10179	822
3	10178	823
3	10177	824
3	10176	825
3	10175	826
3	10174	827
3	10173	828
3	10172	829
3	10171	830
3	10170	831
3	10169	832
3	10168	833
3	10167	834
3	10166	835
3	10165	836
3	10164	837
3	10163	838
3	10162	839
3	10161	840
3	10160	841
3	10159	842
3	10158	843
3	10157	844
3	10156	845
3	10155	846
3	10154	847
3	10153	848
3	10152	849
3	10151	850
3	10150	851
3	10149	852
3	10148	853
3	10147	854
3	10146	855
3	10145	856
3	10144	857
3	10143	858
3	10142	859
3	10141	860
3	10140	861
3	10139	862
3	10138	863
3	10137	864
3	10136	865
3	10135	866
3	10134	867
3	10133	868
3	10132	869
3	10131	870
3	10130	871
3	10129	872
3	10128	873
3	10127	874
3	10126	875
3	10125	876
3	10124	877
3	10123	878
3	10122	879
3	10121	880
3	10120	881
3	10119	882
3	10118	883
3	10117	884
3	10116	885
3	10115	886
3	10114	887
3	10113	888
3	10112	889
3	10111	890
3	10110	891
3	10109	892
3	10108	893
3	10107	894
3	10106	895
3	10105	896
3	10104	897
3	10103	898
3	10102	899
3	10101	900
3	10100	901
3	10099	902
3	10098	903
3	10097	904
3	10096	905
3	10095	906
3	10094	907
3	10093	908
3	10092	909
3	10091	910
3	10090	911
3	10089	912
3	10088	913
3	10087	914
3	10086	915
3	10085	916
3	10084	917
3	10083	918
3	10082	919
3	10081	920
3	10080	921
3	10079	922
3	10078	923
3	10077	924
3	10076	925
3	10075	926
3	10074	927
3	10073	928
3	10072	929
3	10071	930
3	10070	931
3	10069	932
3	10068	933
3	10067	934
3	10066	935
3	10065	936
3	10064	937
3	10063	938
3	10062	939
3	10061	940
3	10060	941
3	10059	942
3	10058	943
3	10057	944
3	10056	945
3	10055	946
3	10054	947
3	10053	948
3	10052	949
3	10051	950
3	10050	951
3	10049	952
3	10048	953
3	10047	954
3	10046	955
3	10045	956
3	10044	957
3	10043	958
3	10042	959
3	10041	960
3	10040	961
3	10039	962
3	10038	963
3	10037	964
3	10036	965
3	10035	966
3	10034	967
3	10033	968
3	10032	969
3	10031	970
3	10030	971
3	10029	972
3	10028	973
3	10027	974
3	10026	975
3	10025	976
3	10024	977
3	10023	978
3	10022	979
3	10021	980
3	10020	981
3	10019	982
3	10018	983
3	10017	984
3	10016	985
3	10015	986
3	10014	987
3	10013	988
3	10012	989
3	10011	990
3	10010	991
3	10009	999
3	10008	998
3	10007	993
3	10006	992
3	10005	996
3	10004	994
3	10003	1000
3	10002	997
3	10001	995
4	11000	4
4	10999	9
4	10998	10
4	10997	8
4	10996	1
4	10995	7
4	10994	6
4	10993	3
4	10992	5
4	10991	2
4	10990	11
4	10989	12
4	10988	13
4	10987	14
4	10986	15
4	10985	16
4	10984	17
4	10983	18
4	10982	19
4	10981	20
4	10980	21
4	10979	22
4	10978	23
4	10977	24
4	10976	25
4	10975	26
4	10974	27
4	10973	28
4	10972	29
4	10971	30
4	10970	31
4	10969	32
4	10968	33
4	10967	34
4	10966	35
4	10965	36
4	10964	37
4	10963	38
4	10962	39
4	10961	40
4	10960	41
4	10959	42
4	10958	43
4	10957	44
4	10956	45
4	10955	46
4	10954	47
4	10953	48
4	10952	49
4	10951	50
4	10950	51
4	10949	52
4	10948	53
4	10947	54
4	10946	55
4	10945	56
4	10944	57
4	10943	58
4	10942	59
4	10941	60
4	10940	61
4	10939	62
4	10938	63
4	10937	64
4	10936	65
4	10935	66
4	10934	67
4	10933	68
4	10932	69
4	10931	70
4	10930	71
4	10929	72
4	10928	73
4	10927	74
4	10926	75
4	10925	76
4	10924	77
4	10923	78
4	10922	79
4	10921	80
4	10920	81
4	10919	82
4	10918	83
4	10917	84
4	10916	85
4	10915	86
4	10914	87
4	10913	88
4	10912	89
4	10911	90
4	10910	91
4	10909	92
4	10908	93
4	10907	94
4	10906	95
4	10905	96
4	10904	97
4	10903	98
4	10902	99
4	10901	100
4	10900	101
4	10899	102
4	10898	103
4	10897	104
4	10896	105
4	10895	106
4	10894	107
4	10893	108
4	10892	109
4	10891	110
4	10890	111
4	10889	112
4	10888	113
4	10887	114
4	10886	115
4	10885	116
4	10884	117
4	10883	118
4	10882	119
4	10881	120
4	10880	121
4	10879	122
4	10878	123
4	10877	124
4	10876	125
4	10875	126
4	10874	127
4	10873	128
4	10872	129
4	10871	130
4	10870	131
4	10869	132
4	10868	133
4	10867	134
4	10866	135
4	10865	136
4	10864	137
4	10863	138
4	10862	139
4	10861	140
4	10860	141
4	10859	142
4	10858	143
4	10857	144
4	10856	145
4	10855	146
4	10854	147
4	10853	148
4	10852	149
4	10851	150
4	10850	151
4	10849	152
4	10848	153
4	10847	154
4	10846	155
4	10845	156
4	10844	157
4	10843	158
4	10842	159
4	10841	160
4	10840	161
4	10839	162
4	10838	163
4	10837	164
4	10836	165
4	10835	166
4	10834	167
4	10833	168
4	10832	169
4	10831	170
4	10830	171
4	10829	172
4	10828	173
4	10827	174
4	10826	175
4	10825	176
4	10824	177
4	10823	178
4	10822	179
4	10821	180
4	10820	181
4	10819	182
4	10818	183
4	10817	184
4	10816	185
4	10815	186
4	10814	187
4	10813	188
4	10812	189
4	10811	190
4	10810	191
4	10809	192
4	10808	193
4	10807	194
4	10806	195
4	10805	196
4	10804	197
4	10803	198
4	10802	199
4	10801	200
4	10800	201
4	10799	202
4	10798	203
4	10797	204
4	10796	205
4	10795	206
4	10794	207
4	10793	208
4	10792	209
4	10791	210
4	10790	211
4	10789	212
4	10788	213
4	10787	214
4	10786	215
4	10785	216
4	10784	217
4	10783	218
4	10782	219
4	10781	220
4	10780	221
4	10779	222
4	10778	223
4	10777	224
4	10776	225
4	10775	226
4	10774	227
4	10773	228
4	10772	229
4	10771	230
4	10770	231
4	10769	232
4	10768	233
4	10767	234
4	10766	235
4	10765	236
4	10764	237
4	10763	238
4	10762	239
4	10761	240
4	10760	241
4	10759	242
4	10758	243
4	10757	244
4	10756	245
4	10755	246
4	10754	247
4	10753	248
4	10752	249
4	10751	250
4	10750	251
4	10749	252
4	10748	253
4	10747	254
4	10746	255
4	10745	256
4	10744	257
4	10743	258
4	10742	259
4	10741	260
4	10740	261
4	10739	262
4	10738	263
4	10737	264
4	10736	265
4	10735	266
4	10734	267
4	10733	268
4	10732	269
4	10731	270
4	10730	271
4	10729	272
4	10728	273
4	10727	274
4	10726	275
4	10725	276
4	10724	277
4	10723	278
4	10722	279
4	10721	280
4	10720	281
4	10719	282
4	10718	283
4	10717	284
4	10716	285
4	10715	286
4	10714	287
4	10713	288
4	10712	289
4	10711	290
4	10710	291
4	10709	292
4	10708	293
4	10707	294
4	10706	295
4	10705	296
4	10704	297
4	10703	298
4	10702	299
4	10701	300
4	10700	301
4	10699	302
4	10698	303
4	10697	304
4	10696	305
4	10695	306
4	10694	307
4	10693	308
4	10692	309
4	10691	310
4	10690	311
4	10689	312
4	10688	313
4	10687	314
4	10686	315
4	10685	316
4	10684	317
4	10683	318
4	10682	319
4	10681	320
4	10680	321
4	10679	322
4	10678	323
4	10677	324
4	10676	325
4	10675	326
4	10674	327
4	10673	328
4	10672	329
4	10671	330
4	10670	331
4	10669	332
4	10668	333
4	10667	334
4	10666	335
4	10665	336
4	10664	337
4	10663	338
4	10662	339
4	10661	340
4	10660	341
4	10659	342
4	10658	343
4	10657	344
4	10656	345
4	10655	346
4	10654	347
4	10653	348
4	10652	349
4	10651	350
4	10650	351
4	10649	352
4	10648	353
4	10647	354
4	10646	355
4	10645	356
4	10644	357
4	10643	358
4	10642	359
4	10641	360
4	10640	361
4	10639	362
4	10638	363
4	10637	364
4	10636	365
4	10635	366
4	10634	367
4	10633	368
4	10632	369
4	10631	370
4	10630	371
4	10629	372
4	10628	373
4	10627	374
4	10626	375
4	10625	376
4	10624	377
4	10623	378
4	10622	379
4	10621	380
4	10620	381
4	10619	382
4	10618	383
4	10617	384
4	10616	385
4	10615	386
4	10614	387
4	10613	388
4	10612	389
4	10611	390
4	10610	391
4	10609	392
4	10608	393
4	10607	394
4	10606	395
4	10605	396
4	10604	397
4	10603	398
4	10602	399
4	10601	400
4	10600	401
4	10599	402
4	10598	403
4	10597	404
4	10596	405
4	10595	406
4	10594	407
4	10593	408
4	10592	409
4	10591	410
4	10590	411
4	10589	412
4	10588	413
4	10587	414
4	10586	415
4	10585	416
4	10584	417
4	10583	418
4	10582	419
4	10581	420
4	10580	421
4	10579	422
4	10578	423
4	10577	424
4	10576	425
4	10575	426
4	10574	427
4	10573	428
4	10572	429
4	10571	430
4	10570	431
4	10569	432
4	10568	433
4	10567	434
4	10566	435
4	10565	436
4	10564	437
4	10563	438
4	10562	439
4	10561	440
4	10560	441
4	10559	442
4	10558	443
4	10557	444
4	10556	445
4	10555	446
4	10554	447
4	10553	448
4	10552	449
4	10551	450
4	10550	451
4	10549	452
4	10548	453
4	10547	454
4	10546	455
4	10545	456
4	10544	457
4	10543	458
4	10542	459
4	10541	460
4	10540	461
4	10539	462
4	10538	463
4	10537	464
4	10536	465
4	10535	466
4	10534	467
4	10533	468
4	10532	469
4	10531	470
4	10530	471
4	10529	472
4	10528	473
4	10527	474
4	10526	475
4	10525	476
4	10524	477
4	10523	478
4	10522	479
4	10521	480
4	10520	481
4	10519	482
4	10518	483
4	10517	484
4	10516	485
4	10515	486
4	10514	487
4	10513	488
4	10512	489
4	10511	490
4	10510	491
4	10509	492
4	10508	493
4	10507	494
4	10506	495
4	10505	496
4	10504	497
4	10503	498
4	10502	499
4	10501	500
4	10500	501
4	10499	502
4	10498	503
4	10497	504
4	10496	505
4	10495	506
4	10494	507
4	10493	508
4	10492	509
4	10491	510
4	10490	511
4	10489	512
4	10488	513
4	10487	514
4	10486	515
4	10485	516
4	10484	517
4	10483	518
4	10482	519
4	10481	520
4	10480	521
4	10479	522
4	10478	523
4	10477	524
4	10476	525
4	10475	526
4	10474	527
4	10473	528
4	10472	529
4	10471	530
4	10470	531
4	10469	532
4	10468	533
4	10467	534
4	10466	535
4	10465	536
4	10464	537
4	10463	538
4	10462	539
4	10461	540
4	10460	541
4	10459	542
4	10458	543
4	10457	544
4	10456	545
4	10455	546
4	10454	547
4	10453	548
4	10452	549
4	10451	550
4	10450	551
4	10449	552
4	10448	553
4	10447	554
4	10446	555
4	10445	556
4	10444	557
4	10443	558
4	10442	559
4	10441	560
4	10440	561
4	10439	562
4	10438	563
4	10437	564
4	10436	565
4	10435	566
4	10434	567
4	10433	568
4	10432	569
4	10431	570
4	10430	571
4	10429	572
4	10428	573
4	10427	574
4	10426	575
4	10425	576
4	10424	577
4	10423	578
4	10422	579
4	10421	580
4	10420	581
4	10419	582
4	10418	583
4	10417	584
4	10416	585
4	10415	586
4	10414	587
4	10413	588
4	10412	589
4	10411	590
4	10410	591
4	10409	592
4	10408	593
4	10407	594
4	10406	595
4	10405	596
4	10404	597
4	10403	598
4	10402	599
4	10401	600
4	10400	601
4	10399	602
4	10398	603
4	10397	604
4	10396	605
4	10395	606
4	10394	607
4	10393	608
4	10392	609
4	10391	610
4	10390	611
4	10389	612
4	10388	613
4	10387	614
4	10386	615
4	10385	616
4	10384	617
4	10383	618
4	10382	619
4	10381	620
4	10380	621
4	10379	622
4	10378	623
4	10377	624
4	10376	625
4	10375	626
4	10374	627
4	10373	628
4	10372	629
4	10371	630
4	10370	631
4	10369	632
4	10368	633
4	10367	634
4	10366	635
4	10365	636
4	10364	637
4	10363	638
4	10362	639
4	10361	640
4	10360	641
4	10359	642
4	10358	643
4	10357	644
4	10356	645
4	10355	646
4	10354	647
4	10353	648
4	10352	649
4	10351	650
4	10350	651
4	10349	652
4	10348	653
4	10347	654
4	10346	655
4	10345	656
4	10344	657
4	10343	658
4	10342	659
4	10341	660
4	10340	661
4	10339	662
4	10338	663
4	10337	664
4	10336	665
4	10335	666
4	10334	667
4	10333	668
4	10332	669
4	10331	670
4	10330	671
4	10329	672
4	10328	673
4	10327	674
4	10326	675
4	10325	676
4	10324	677
4	10323	678
4	10322	679
4	10321	680
4	10320	681
4	10319	682
4	10318	683
4	10317	684
4	10316	685
4	10315	686
4	10314	687
4	10313	688
4	10312	689
4	10311	690
4	10310	691
4	10309	692
4	10308	693
4	10307	694
4	10306	695
4	10305	696
4	10304	697
4	10303	698
4	10302	699
4	10301	700
4	10300	701
4	10299	702
4	10298	703
4	10297	704
4	10296	705
4	10295	706
4	10294	707
4	10293	708
4	10292	709
4	10291	710
4	10290	711
4	10289	712
4	10288	713
4	10287	714
4	10286	715
4	10285	716
4	10284	717
4	10283	718
4	10282	719
4	10281	720
4	10280	721
4	10279	722
4	10278	723
4	10277	724
4	10276	725
4	10275	726
4	10274	727
4	10273	728
4	10272	729
4	10271	730
4	10270	731
4	10269	732
4	10268	733
4	10267	734
4	10266	735
4	10265	736
4	10264	737
4	10263	738
4	10262	739
4	10261	740
4	10260	741
4	10259	742
4	10258	743
4	10257	744
4	10256	745
4	10255	746
4	10254	747
4	10253	748
4	10252	749
4	10251	750
4	10250	751
4	10249	752
4	10248	753
4	10247	754
4	10246	755
4	10245	756
4	10244	757
4	10243	758
4	10242	759
4	10241	760
4	10240	761
4	10239	762
4	10238	763
4	10237	764
4	10236	765
4	10235	766
4	10234	767
4	10233	768
4	10232	769
4	10231	770
4	10230	771
4	10229	772
4	10228	773
4	10227	774
4	10226	775
4	10225	776
4	10224	777
4	10223	778
4	10222	779
4	10221	780
4	10220	781
4	10219	782
4	10218	783
4	10217	784
4	10216	785
4	10215	786
4	10214	787
4	10213	788
4	10212	789
4	10211	790
4	10210	791
4	10209	792
4	10208	793
4	10207	794
4	10206	795
4	10205	796
4	10204	797
4	10203	798
4	10202	799
4	10201	800
4	10200	801
4	10199	802
4	10198	803
4	10197	804
4	10196	805
4	10195	806
4	10194	807
4	10193	808
4	10192	809
4	10191	810
4	10190	811
4	10189	812
4	10188	813
4	10187	814
4	10186	815
4	10185	816
4	10184	817
4	10183	818
4	10182	819
4	10181	820
4	10180	821
4	10179	822
4	10178	823
4	10177	824
4	10176	825
4	10175	826
4	10174	827
4	10173	828
4	10172	829
4	10171	830
4	10170	831
4	10169	832
4	10168	833
4	10167	834
4	10166	835
4	10165	836
4	10164	837
4	10163	838
4	10162	839
4	10161	840
4	10160	841
4	10159	842
4	10158	843
4	10157	844
4	10156	845
4	10155	846
4	10154	847
4	10153	848
4	10152	849
4	10151	850
4	10150	851
4	10149	852
4	10148	853
4	10147	854
4	10146	855
4	10145	856
4	10144	857
4	10143	858
4	10142	859
4	10141	860
4	10140	861
4	10139	862
4	10138	863
4	10137	864
4	10136	865
4	10135	866
4	10134	867
4	10133	868
4	10132	869
4	10131	870
4	10130	871
4	10129	872
4	10128	873
4	10127	874
4	10126	875
4	10125	876
4	10124	877
4	10123	878
4	10122	879
4	10121	880
4	10120	881
4	10119	882
4	10118	883
4	10117	884
4	10116	885
4	10115	886
4	10114	887
4	10113	888
4	10112	889
4	10111	890
4	10110	891
4	10109	892
4	10108	893
4	10107	894
4	10106	895
4	10105	896
4	10104	897
4	10103	898
4	10102	899
4	10101	900
4	10100	901
4	10099	902
4	10098	903
4	10097	904
4	10096	905
4	10095	906
4	10094	907
4	10093	908
4	10092	909
4	10091	910
4	10090	911
4	10089	912
4	10088	913
4	10087	914
4	10086	915
4	10085	916
4	10084	917
4	10083	918
4	10082	919
4	10081	920
4	10080	921
4	10079	922
4	10078	923
4	10077	924
4	10076	925
4	10075	926
4	10074	927
4	10073	928
4	10072	929
4	10071	930
4	10070	931
4	10069	932
4	10068	933
4	10067	934
4	10066	935
4	10065	936
4	10064	937
4	10063	938
4	10062	939
4	10061	940
4	10060	941
4	10059	942
4	10058	943
4	10057	944
4	10056	945
4	10055	946
4	10054	947
4	10053	948
4	10052	949
4	10051	950
4	10050	951
4	10049	952
4	10048	953
4	10047	954
4	10046	955
4	10045	956
4	10044	957
4	10043	958
4	10042	959
4	10041	960
4	10040	961
4	10039	962
4	10038	963
4	10037	964
4	10036	965
4	10035	966
4	10034	967
4	10033	968
4	10032	969
4	10031	970
4	10030	971
4	10029	972
4	10028	973
4	10027	974
4	10026	975
4	10025	976
4	10024	977
4	10023	978
4	10022	979
4	10021	980
4	10020	981
4	10019	982
4	10018	983
4	10017	984
4	10016	985
4	10015	986
4	10014	987
4	10013	988
4	10012	989
4	10011	990
4	10010	992
4	10009	997
4	10008	999
4	10007	996
4	10006	995
4	10005	998
4	10004	1000
4	10003	993
4	10002	994
4	10001	991
5	11000	4
5	10999	10
5	10998	5
5	10997	2
5	10996	3
5	10995	1
5	10994	9
5	10993	8
5	10992	7
5	10991	6
5	10990	11
5	10989	12
5	10988	13
5	10987	14
5	10986	15
5	10985	16
5	10984	17
5	10983	18
5	10982	19
5	10981	20
5	10980	21
5	10979	22
5	10978	23
5	10977	24
5	10976	25
5	10975	26
5	10974	27
5	10973	28
5	10972	29
5	10971	30
5	10970	31
5	10969	32
5	10968	33
5	10967	34
5	10966	35
5	10965	36
5	10964	37
5	10963	38
5	10962	39
5	10961	40
5	10960	41
5	10959	42
5	10958	43
5	10957	44
5	10956	45
5	10955	46
5	10954	47
5	10953	48
5	10952	49
5	10951	50
5	10950	51
5	10949	52
5	10948	53
5	10947	54
5	10946	55
5	10945	56
5	10944	57
5	10943	58
5	10942	59
5	10941	60
5	10940	61
5	10939	62
5	10938	63
5	10937	64
5	10936	65
5	10935	66
5	10934	67
5	10933	68
5	10932	69
5	10931	70
5	10930	71
5	10929	72
5	10928	73
5	10927	74
5	10926	75
5	10925	76
5	10924	77
5	10923	78
5	10922	79
5	10921	80
5	10920	81
5	10919	82
5	10918	83
5	10917	84
5	10916	85
5	10915	86
5	10914	87
5	10913	88
5	10912	89
5	10911	90
5	10910	91
5	10909	92
5	10908	93
5	10907	94
5	10906	95
5	10905	96
5	10904	97
5	10903	98
5	10902	99
5	10901	100
5	10900	101
5	10899	102
5	10898	103
5	10897	104
5	10896	105
5	10895	106
5	10894	107
5	10893	108
5	10892	109
5	10891	110
5	10890	111
5	10889	112
5	10888	113
5	10887	114
5	10886	115
5	10885	116
5	10884	117
5	10883	118
5	10882	119
5	10881	120
5	10880	121
5	10879	122
5	10878	123
5	10877	124
5	10876	125
5	10875	126
5	10874	127
5	10873	128
5	10872	129
5	10871	130
5	10870	131
5	10869	132
5	10868	133
5	10867	134
5	10866	135
5	10865	136
5	10864	137
5	10863	138
5	10862	139
5	10861	140
5	10860	141
5	10859	142
5	10858	143
5	10857	144
5	10856	145
5	10855	146
5	10854	147
5	10853	148
5	10852	149
5	10851	150
5	10850	151
5	10849	152
5	10848	153
5	10847	154
5	10846	155
5	10845	156
5	10844	157
5	10843	158
5	10842	159
5	10841	160
5	10840	161
5	10839	162
5	10838	163
5	10837	164
5	10836	165
5	10835	166
5	10834	167
5	10833	168
5	10832	169
5	10831	170
5	10830	171
5	10829	172
5	10828	173
5	10827	174
5	10826	175
5	10825	176
5	10824	177
5	10823	178
5	10822	179
5	10821	180
5	10820	181
5	10819	182
5	10818	183
5	10817	184
5	10816	185
5	10815	186
5	10814	187
5	10813	188
5	10812	189
5	10811	190
5	10810	191
5	10809	192
5	10808	193
5	10807	194
5	10806	195
5	10805	196
5	10804	197
5	10803	198
5	10802	199
5	10801	200
5	10800	201
5	10799	202
5	10798	203
5	10797	204
5	10796	205
5	10795	206
5	10794	207
5	10793	208
5	10792	209
5	10791	210
5	10790	211
5	10789	212
5	10788	213
5	10787	214
5	10786	215
5	10785	216
5	10784	217
5	10783	218
5	10782	219
5	10781	220
5	10780	221
5	10779	222
5	10778	223
5	10777	224
5	10776	225
5	10775	226
5	10774	227
5	10773	228
5	10772	229
5	10771	230
5	10770	231
5	10769	232
5	10768	233
5	10767	234
5	10766	235
5	10765	236
5	10764	237
5	10763	238
5	10762	239
5	10761	240
5	10760	241
5	10759	242
5	10758	243
5	10757	244
5	10756	245
5	10755	246
5	10754	247
5	10753	248
5	10752	249
5	10751	250
5	10750	251
5	10749	252
5	10748	253
5	10747	254
5	10746	255
5	10745	256
5	10744	257
5	10743	258
5	10742	259
5	10741	260
5	10740	261
5	10739	262
5	10738	263
5	10737	264
5	10736	265
5	10735	266
5	10734	267
5	10733	268
5	10732	269
5	10731	270
5	10730	271
5	10729	272
5	10728	273
5	10727	274
5	10726	275
5	10725	276
5	10724	277
5	10723	278
5	10722	279
5	10721	280
5	10720	281
5	10719	282
5	10718	283
5	10717	284
5	10716	285
5	10715	286
5	10714	287
5	10713	288
5	10712	289
5	10711	290
5	10710	291
5	10709	292
5	10708	293
5	10707	294
5	10706	295
5	10705	296
5	10704	297
5	10703	298
5	10702	299
5	10701	300
5	10700	301
5	10699	302
5	10698	303
5	10697	304
5	10696	305
5	10695	306
5	10694	307
5	10693	308
5	10692	309
5	10691	310
5	10690	311
5	10689	312
5	10688	313
5	10687	314
5	10686	315
5	10685	316
5	10684	317
5	10683	318
5	10682	319
5	10681	320
5	10680	321
5	10679	322
5	10678	323
5	10677	324
5	10676	325
5	10675	326
5	10674	327
5	10673	328
5	10672	329
5	10671	330
5	10670	331
5	10669	332
5	10668	333
5	10667	334
5	10666	335
5	10665	336
5	10664	337
5	10663	338
5	10662	339
5	10661	340
5	10660	341
5	10659	342
5	10658	343
5	10657	344
5	10656	345
5	10655	346
5	10654	347
5	10653	348
5	10652	349
5	10651	350
5	10650	351
5	10649	352
5	10648	353
5	10647	354
5	10646	355
5	10645	356
5	10644	357
5	10643	358
5	10642	359
5	10641	360
5	10640	361
5	10639	362
5	10638	363
5	10637	364
5	10636	365
5	10635	366
5	10634	367
5	10633	368
5	10632	369
5	10631	370
5	10630	371
5	10629	372
5	10628	373
5	10627	374
5	10626	375
5	10625	376
5	10624	377
5	10623	378
5	10622	379
5	10621	380
5	10620	381
5	10619	382
5	10618	383
5	10617	384
5	10616	385
5	10615	386
5	10614	387
5	10613	388
5	10612	389
5	10611	390
5	10610	391
5	10609	392
5	10608	393
5	10607	394
5	10606	395
5	10605	396
5	10604	397
5	10603	398
5	10602	399
5	10601	400
5	10600	401
5	10599	402
5	10598	403
5	10597	404
5	10596	405
5	10595	406
5	10594	407
5	10593	408
5	10592	409
5	10591	410
5	10590	411
5	10589	412
5	10588	413
5	10587	414
5	10586	415
5	10585	416
5	10584	417
5	10583	418
5	10582	419
5	10581	420
5	10580	421
5	10579	422
5	10578	423
5	10577	424
5	10576	425
5	10575	426
5	10574	427
5	10573	428
5	10572	429
5	10571	430
5	10570	431
5	10569	432
5	10568	433
5	10567	434
5	10566	435
5	10565	436
5	10564	437
5	10563	438
5	10562	439
5	10561	440
5	10560	441
5	10559	442
5	10558	443
5	10557	444
5	10556	445
5	10555	446
5	10554	447
5	10553	448
5	10552	449
5	10551	450
5	10550	451
5	10549	452
5	10548	453
5	10547	454
5	10546	455
5	10545	456
5	10544	457
5	10543	458
5	10542	459
5	10541	460
5	10540	461
5	10539	462
5	10538	463
5	10537	464
5	10536	465
5	10535	466
5	10534	467
5	10533	468
5	10532	469
5	10531	470
5	10530	471
5	10529	472
5	10528	473
5	10527	474
5	10526	475
5	10525	476
5	10524	477
5	10523	478
5	10522	479
5	10521	480
5	10520	481
5	10519	482
5	10518	483
5	10517	484
5	10516	485
5	10515	486
5	10514	487
5	10513	488
5	10512	489
5	10511	490
5	10510	491
5	10509	492
5	10508	493
5	10507	494
5	10506	495
5	10505	496
5	10504	497
5	10503	498
5	10502	499
5	10501	500
5	10500	501
5	10499	502
5	10498	503
5	10497	504
5	10496	505
5	10495	506
5	10494	507
5	10493	508
5	10492	509
5	10491	510
5	10490	511
5	10489	512
5	10488	513
5	10487	514
5	10486	515
5	10485	516
5	10484	517
5	10483	518
5	10482	519
5	10481	520
5	10480	521
5	10479	522
5	10478	523
5	10477	524
5	10476	525
5	10475	526
5	10474	527
5	10473	528
5	10472	529
5	10471	530
5	10470	531
5	10469	532
5	10468	533
5	10467	534
5	10466	535
5	10465	536
5	10464	537
5	10463	538
5	10462	539
5	10461	540
5	10460	541
5	10459	542
5	10458	543
5	10457	544
5	10456	545
5	10455	546
5	10454	547
5	10453	548
5	10452	549
5	10451	550
5	10450	551
5	10449	552
5	10448	553
5	10447	554
5	10446	555
5	10445	556
5	10444	557
5	10443	558
5	10442	559
5	10441	560
5	10440	561
5	10439	562
5	10438	563
5	10437	564
5	10436	565
5	10435	566
5	10434	567
5	10433	568
5	10432	569
5	10431	570
5	10430	571
5	10429	572
5	10428	573
5	10427	574
5	10426	575
5	10425	576
5	10424	577
5	10423	578
5	10422	579
5	10421	580
5	10420	581
5	10419	582
5	10418	583
5	10417	584
5	10416	585
5	10415	586
5	10414	587
5	10413	588
5	10412	589
5	10411	590
5	10410	591
5	10409	592
5	10408	593
5	10407	594
5	10406	595
5	10405	596
5	10404	597
5	10403	598
5	10402	599
5	10401	600
5	10400	601
5	10399	602
5	10398	603
5	10397	604
5	10396	605
5	10395	606
5	10394	607
5	10393	608
5	10392	609
5	10391	610
5	10390	611
5	10389	612
5	10388	613
5	10387	614
5	10386	615
5	10385	616
5	10384	617
5	10383	618
5	10382	619
5	10381	620
5	10380	621
5	10379	622
5	10378	623
5	10377	624
5	10376	625
5	10375	626
5	10374	627
5	10373	628
5	10372	629
5	10371	630
5	10370	631
5	10369	632
5	10368	633
5	10367	634
5	10366	635
5	10365	636
5	10364	637
5	10363	638
5	10362	639
5	10361	640
5	10360	641
5	10359	642
5	10358	643
5	10357	644
5	10356	645
5	10355	646
5	10354	647
5	10353	648
5	10352	649
5	10351	650
5	10350	651
5	10349	652
5	10348	653
5	10347	654
5	10346	655
5	10345	656
5	10344	657
5	10343	658
5	10342	659
5	10341	660
5	10340	661
5	10339	662
5	10338	663
5	10337	664
5	10336	665
5	10335	666
5	10334	667
5	10333	668
5	10332	669
5	10331	670
5	10330	671
5	10329	672
5	10328	673
5	10327	674
5	10326	675
5	10325	676
5	10324	677
5	10323	678
5	10322	679
5	10321	680
5	10320	681
5	10319	682
5	10318	683
5	10317	684
5	10316	685
5	10315	686
5	10314	687
5	10313	688
5	10312	689
5	10311	690
5	10310	691
5	10309	692
5	10308	693
5	10307	694
5	10306	695
5	10305	696
5	10304	697
5	10303	698
5	10302	699
5	10301	700
5	10300	701
5	10299	702
5	10298	703
5	10297	704
5	10296	705
5	10295	706
5	10294	707
5	10293	708
5	10292	709
5	10291	710
5	10290	711
5	10289	712
5	10288	713
5	10287	714
5	10286	715
5	10285	716
5	10284	717
5	10283	718
5	10282	719
5	10281	720
5	10280	721
5	10279	722
5	10278	723
5	10277	724
5	10276	725
5	10275	726
5	10274	727
5	10273	728
5	10272	729
5	10271	730
5	10270	731
5	10269	732
5	10268	733
5	10267	734
5	10266	735
5	10265	736
5	10264	737
5	10263	738
5	10262	739
5	10261	740
5	10260	741
5	10259	742
5	10258	743
5	10257	744
5	10256	745
5	10255	746
5	10254	747
5	10253	748
5	10252	749
5	10251	750
5	10250	751
5	10249	752
5	10248	753
5	10247	754
5	10246	755
5	10245	756
5	10244	757
5	10243	758
5	10242	759
5	10241	760
5	10240	761
5	10239	762
5	10238	763
5	10237	764
5	10236	765
5	10235	766
5	10234	767
5	10233	768
5	10232	769
5	10231	770
5	10230	771
5	10229	772
5	10228	773
5	10227	774
5	10226	775
5	10225	776
5	10224	777
5	10223	778
5	10222	779
5	10221	780
5	10220	781
5	10219	782
5	10218	783
5	10217	784
5	10216	785
5	10215	786
5	10214	787
5	10213	788
5	10212	789
5	10211	790
5	10210	791
5	10209	792
5	10208	793
5	10207	794
5	10206	795
5	10205	796
5	10204	797
5	10203	798
5	10202	799
5	10201	800
5	10200	801
5	10199	802
5	10198	803
5	10197	804
5	10196	805
5	10195	806
5	10194	807
5	10193	808
5	10192	809
5	10191	810
5	10190	811
5	10189	812
5	10188	813
5	10187	814
5	10186	815
5	10185	816
5	10184	817
5	10183	818
5	10182	819
5	10181	820
5	10180	821
5	10179	822
5	10178	823
5	10177	824
5	10176	825
5	10175	826
5	10174	827
5	10173	828
5	10172	829
5	10171	830
5	10170	831
5	10169	832
5	10168	833
5	10167	834
5	10166	835
5	10165	836
5	10164	837
5	10163	838
5	10162	839
5	10161	840
5	10160	841
5	10159	842
5	10158	843
5	10157	844
5	10156	845
5	10155	846
5	10154	847
5	10153	848
5	10152	849
5	10151	850
5	10150	851
5	10149	852
5	10148	853
5	10147	854
5	10146	855
5	10145	856
5	10144	857
5	10143	858
5	10142	859
5	10141	860
5	10140	861
5	10139	862
5	10138	863
5	10137	864
5	10136	865
5	10135	866
5	10134	867
5	10133	868
5	10132	869
5	10131	870
5	10130	871
5	10129	872
5	10128	873
5	10127	874
5	10126	875
5	10125	876
5	10124	877
5	10123	878
5	10122	879
5	10121	880
5	10120	881
5	10119	882
5	10118	883
5	10117	884
5	10116	885
5	10115	886
5	10114	887
5	10113	888
5	10112	889
5	10111	890
5	10110	891
5	10109	892
5	10108	893
5	10107	894
5	10106	895
5	10105	896
5	10104	897
5	10103	898
5	10102	899
5	10101	900
5	10100	901
5	10099	902
5	10098	903
5	10097	904
5	10096	905
5	10095	906
5	10094	907
5	10093	908
5	10092	909
5	10091	910
5	10090	911
5	10089	912
5	10088	913
5	10087	914
5	10086	915
5	10085	916
5	10084	917
5	10083	918
5	10082	919
5	10081	920
5	10080	921
5	10079	922
5	10078	923
5	10077	924
5	10076	925
5	10075	926
5	10074	927
5	10073	928
5	10072	929
5	10071	930
5	10070	931
5	10069	932
5	10068	933
5	10067	934
5	10066	935
5	10065	936
5	10064	937
5	10063	938
5	10062	939
5	10061	940
5	10060	941
5	10059	942
5	10058	943
5	10057	944
5	10056	945
5	10055	946
5	10054	947
5	10053	948
5	10052	949
5	10051	950
5	10050	951
5	10049	952
5	10048	953
5	10047	954
5	10046	955
5	10045	956
5	10044	957
5	10043	958
5	10042	959
5	10041	960
5	10040	961
5	10039	962
5	10038	963
5	10037	964
5	10036	965
5	10035	966
5	10034	967
5	10033	968
5	10032	969
5	10031	970
5	10030	971
5	10029	972
5	10028	973
5	10027	974
5	10026	975
5	10025	976
5	10024	977
5	10023	978
5	10022	979
5	10021	980
5	10020	981
5	10019	982
5	10018	983
5	10017	984
5	10016	985
5	10015	986
5	10014	987
5	10013	988
5	10012	989
5	10011	990
5	10010	997
5	10009	992
5	10008	999
5	10007	998
5	10006	991
5	10005	994
5	10004	1000
5	10003	996
5	10002	993
5	10001	995
6	11000	8
6	10999	1
6	10998	4
6	10997	2
6	10996	6
6	10995	3
6	10994	5
6	10993	7
6	10992	9
6	10991	10
6	10990	11
6	10989	12
6	10988	13
6	10987	14
6	10986	15
6	10985	16
6	10984	17
6	10983	18
6	10982	19
6	10981	20
6	10980	21
6	10979	22
6	10978	23
6	10977	24
6	10976	25
6	10975	26
6	10974	27
6	10973	28
6	10972	29
6	10971	30
6	10970	31
6	10969	32
6	10968	33
6	10967	34
6	10966	35
6	10965	36
6	10964	37
6	10963	38
6	10962	39
6	10961	40
6	10960	41
6	10959	42
6	10958	43
6	10957	44
6	10956	45
6	10955	46
6	10954	47
6	10953	48
6	10952	49
6	10951	50
6	10950	51
6	10949	52
6	10948	53
6	10947	54
6	10946	55
6	10945	56
6	10944	57
6	10943	58
6	10942	59
6	10941	60
6	10940	61
6	10939	62
6	10938	63
6	10937	64
6	10936	65
6	10935	66
6	10934	67
6	10933	68
6	10932	69
6	10931	70
6	10930	71
6	10929	72
6	10928	73
6	10927	74
6	10926	75
6	10925	76
6	10924	77
6	10923	78
6	10922	79
6	10921	80
6	10920	81
6	10919	82
6	10918	83
6	10917	84
6	10916	85
6	10915	86
6	10914	87
6	10913	88
6	10912	89
6	10911	90
6	10910	91
6	10909	92
6	10908	93
6	10907	94
6	10906	95
6	10905	96
6	10904	97
6	10903	98
6	10902	99
6	10901	100
6	10900	101
6	10899	102
6	10898	103
6	10897	104
6	10896	105
6	10895	106
6	10894	107
6	10893	108
6	10892	109
6	10891	110
6	10890	111
6	10889	112
6	10888	113
6	10887	114
6	10886	115
6	10885	116
6	10884	117
6	10883	118
6	10882	119
6	10881	120
6	10880	121
6	10879	122
6	10878	123
6	10877	124
6	10876	125
6	10875	126
6	10874	127
6	10873	128
6	10872	129
6	10871	130
6	10870	131
6	10869	132
6	10868	133
6	10867	134
6	10866	135
6	10865	136
6	10864	137
6	10863	138
6	10862	139
6	10861	140
6	10860	141
6	10859	142
6	10858	143
6	10857	144
6	10856	145
6	10855	146
6	10854	147
6	10853	148
6	10852	149
6	10851	150
6	10850	151
6	10849	152
6	10848	153
6	10847	154
6	10846	155
6	10845	156
6	10844	157
6	10843	158
6	10842	159
6	10841	160
6	10840	161
6	10839	162
6	10838	163
6	10837	164
6	10836	165
6	10835	166
6	10834	167
6	10833	168
6	10832	169
6	10831	170
6	10830	171
6	10829	172
6	10828	173
6	10827	174
6	10826	175
6	10825	176
6	10824	177
6	10823	178
6	10822	179
6	10821	180
6	10820	181
6	10819	182
6	10818	183
6	10817	184
6	10816	185
6	10815	186
6	10814	187
6	10813	188
6	10812	189
6	10811	190
6	10810	191
6	10809	192
6	10808	193
6	10807	194
6	10806	195
6	10805	196
6	10804	197
6	10803	198
6	10802	199
6	10801	200
6	10800	201
6	10799	202
6	10798	203
6	10797	204
6	10796	205
6	10795	206
6	10794	207
6	10793	208
6	10792	209
6	10791	210
6	10790	211
6	10789	212
6	10788	213
6	10787	214
6	10786	215
6	10785	216
6	10784	217
6	10783	218
6	10782	219
6	10781	220
6	10780	221
6	10779	222
6	10778	223
6	10777	224
6	10776	225
6	10775	226
6	10774	227
6	10773	228
6	10772	229
6	10771	230
6	10770	231
6	10769	232
6	10768	233
6	10767	234
6	10766	235
6	10765	236
6	10764	237
6	10763	238
6	10762	239
6	10761	240
6	10760	241
6	10759	242
6	10758	243
6	10757	244
6	10756	245
6	10755	246
6	10754	247
6	10753	248
6	10752	249
6	10751	250
6	10750	251
6	10749	252
6	10748	253
6	10747	254
6	10746	255
6	10745	256
6	10744	257
6	10743	258
6	10742	259
6	10741	260
6	10740	261
6	10739	262
6	10738	263
6	10737	264
6	10736	265
6	10735	266
6	10734	267
6	10733	268
6	10732	269
6	10731	270
6	10730	271
6	10729	272
6	10728	273
6	10727	274
6	10726	275
6	10725	276
6	10724	277
6	10723	278
6	10722	279
6	10721	280
6	10720	281
6	10719	282
6	10718	283
6	10717	284
6	10716	285
6	10715	286
6	10714	287
6	10713	288
6	10712	289
6	10711	290
6	10710	291
6	10709	292
6	10708	293
6	10707	294
6	10706	295
6	10705	296
6	10704	297
6	10703	298
6	10702	299
6	10701	300
6	10700	301
6	10699	302
6	10698	303
6	10697	304
6	10696	305
6	10695	306
6	10694	307
6	10693	308
6	10692	309
6	10691	310
6	10690	311
6	10689	312
6	10688	313
6	10687	314
6	10686	315
6	10685	316
6	10684	317
6	10683	318
6	10682	319
6	10681	320
6	10680	321
6	10679	322
6	10678	323
6	10677	324
6	10676	325
6	10675	326
6	10674	327
6	10673	328
6	10672	329
6	10671	330
6	10670	331
6	10669	332
6	10668	333
6	10667	334
6	10666	335
6	10665	336
6	10664	337
6	10663	338
6	10662	339
6	10661	340
6	10660	341
6	10659	342
6	10658	343
6	10657	344
6	10656	345
6	10655	346
6	10654	347
6	10653	348
6	10652	349
6	10651	350
6	10650	351
6	10649	352
6	10648	353
6	10647	354
6	10646	355
6	10645	356
6	10644	357
6	10643	358
6	10642	359
6	10641	360
6	10640	361
6	10639	362
6	10638	363
6	10637	364
6	10636	365
6	10635	366
6	10634	367
6	10633	368
6	10632	369
6	10631	370
6	10630	371
6	10629	372
6	10628	373
6	10627	374
6	10626	375
6	10625	376
6	10624	377
6	10623	378
6	10622	379
6	10621	380
6	10620	381
6	10619	382
6	10618	383
6	10617	384
6	10616	385
6	10615	386
6	10614	387
6	10613	388
6	10612	389
6	10611	390
6	10610	391
6	10609	392
6	10608	393
6	10607	394
6	10606	395
6	10605	396
6	10604	397
6	10603	398
6	10602	399
6	10601	400
6	10600	401
6	10599	402
6	10598	403
6	10597	404
6	10596	405
6	10595	406
6	10594	407
6	10593	408
6	10592	409
6	10591	410
6	10590	411
6	10589	412
6	10588	413
6	10587	414
6	10586	415
6	10585	416
6	10584	417
6	10583	418
6	10582	419
6	10581	420
6	10580	421
6	10579	422
6	10578	423
6	10577	424
6	10576	425
6	10575	426
6	10574	427
6	10573	428
6	10572	429
6	10571	430
6	10570	431
6	10569	432
6	10568	433
6	10567	434
6	10566	435
6	10565	436
6	10564	437
6	10563	438
6	10562	439
6	10561	440
6	10560	441
6	10559	442
6	10558	443
6	10557	444
6	10556	445
6	10555	446
6	10554	447
6	10553	448
6	10552	449
6	10551	450
6	10550	451
6	10549	452
6	10548	453
6	10547	454
6	10546	455
6	10545	456
6	10544	457
6	10543	458
6	10542	459
6	10541	460
6	10540	461
6	10539	462
6	10538	463
6	10537	464
6	10536	465
6	10535	466
6	10534	467
6	10533	468
6	10532	469
6	10531	470
6	10530	471
6	10529	472
6	10528	473
6	10527	474
6	10526	475
6	10525	476
6	10524	477
6	10523	478
6	10522	479
6	10521	480
6	10520	481
6	10519	482
6	10518	483
6	10517	484
6	10516	485
6	10515	486
6	10514	487
6	10513	488
6	10512	489
6	10511	490
6	10510	491
6	10509	492
6	10508	493
6	10507	494
6	10506	495
6	10505	496
6	10504	497
6	10503	498
6	10502	499
6	10501	500
6	10500	501
6	10499	502
6	10498	503
6	10497	504
6	10496	505
6	10495	506
6	10494	507
6	10493	508
6	10492	509
6	10491	510
6	10490	511
6	10489	512
6	10488	513
6	10487	514
6	10486	515
6	10485	516
6	10484	517
6	10483	518
6	10482	519
6	10481	520
6	10480	521
6	10479	522
6	10478	523
6	10477	524
6	10476	525
6	10475	526
6	10474	527
6	10473	528
6	10472	529
6	10471	530
6	10470	531
6	10469	532
6	10468	533
6	10467	534
6	10466	535
6	10465	536
6	10464	537
6	10463	538
6	10462	539
6	10461	540
6	10460	541
6	10459	542
6	10458	543
6	10457	544
6	10456	545
6	10455	546
6	10454	547
6	10453	548
6	10452	549
6	10451	550
6	10450	551
6	10449	552
6	10448	553
6	10447	554
6	10446	555
6	10445	556
6	10444	557
6	10443	558
6	10442	559
6	10441	560
6	10440	561
6	10439	562
6	10438	563
6	10437	564
6	10436	565
6	10435	566
6	10434	567
6	10433	568
6	10432	569
6	10431	570
6	10430	571
6	10429	572
6	10428	573
6	10427	574
6	10426	575
6	10425	576
6	10424	577
6	10423	578
6	10422	579
6	10421	580
6	10420	581
6	10419	582
6	10418	583
6	10417	584
6	10416	585
6	10415	586
6	10414	587
6	10413	588
6	10412	589
6	10411	590
6	10410	591
6	10409	592
6	10408	593
6	10407	594
6	10406	595
6	10405	596
6	10404	597
6	10403	598
6	10402	599
6	10401	600
6	10400	601
6	10399	602
6	10398	603
6	10397	604
6	10396	605
6	10395	606
6	10394	607
6	10393	608
6	10392	609
6	10391	610
6	10390	611
6	10389	612
6	10388	613
6	10387	614
6	10386	615
6	10385	616
6	10384	617
6	10383	618
6	10382	619
6	10381	620
6	10380	621
6	10379	622
6	10378	623
6	10377	624
6	10376	625
6	10375	626
6	10374	627
6	10373	628
6	10372	629
6	10371	630
6	10370	631
6	10369	632
6	10368	633
6	10367	634
6	10366	635
6	10365	636
6	10364	637
6	10363	638
6	10362	639
6	10361	640
6	10360	641
6	10359	642
6	10358	643
6	10357	644
6	10356	645
6	10355	646
6	10354	647
6	10353	648
6	10352	649
6	10351	650
6	10350	651
6	10349	652
6	10348	653
6	10347	654
6	10346	655
6	10345	656
6	10344	657
6	10343	658
6	10342	659
6	10341	660
6	10340	661
6	10339	662
6	10338	663
6	10337	664
6	10336	665
6	10335	666
6	10334	667
6	10333	668
6	10332	669
6	10331	670
6	10330	671
6	10329	672
6	10328	673
6	10327	674
6	10326	675
6	10325	676
6	10324	677
6	10323	678
6	10322	679
6	10321	680
6	10320	681
6	10319	682
6	10318	683
6	10317	684
6	10316	685
6	10315	686
6	10314	687
6	10313	688
6	10312	689
6	10311	690
6	10310	691
6	10309	692
6	10308	693
6	10307	694
6	10306	695
6	10305	696
6	10304	697
6	10303	698
6	10302	699
6	10301	700
6	10300	701
6	10299	702
6	10298	703
6	10297	704
6	10296	705
6	10295	706
6	10294	707
6	10293	708
6	10292	709
6	10291	710
6	10290	711
6	10289	712
6	10288	713
6	10287	714
6	10286	715
6	10285	716
6	10284	717
6	10283	718
6	10282	719
6	10281	720
6	10280	721
6	10279	722
6	10278	723
6	10277	724
6	10276	725
6	10275	726
6	10274	727
6	10273	728
6	10272	729
6	10271	730
6	10270	731
6	10269	732
6	10268	733
6	10267	734
6	10266	735
6	10265	736
6	10264	737
6	10263	738
6	10262	739
6	10261	740
6	10260	741
6	10259	742
6	10258	743
6	10257	744
6	10256	745
6	10255	746
6	10254	747
6	10253	748
6	10252	749
6	10251	750
6	10250	751
6	10249	752
6	10248	753
6	10247	754
6	10246	755
6	10245	756
6	10244	757
6	10243	758
6	10242	759
6	10241	760
6	10240	761
6	10239	762
6	10238	763
6	10237	764
6	10236	765
6	10235	766
6	10234	767
6	10233	768
6	10232	769
6	10231	770
6	10230	771
6	10229	772
6	10228	773
6	10227	774
6	10226	775
6	10225	776
6	10224	777
6	10223	778
6	10222	779
6	10221	780
6	10220	781
6	10219	782
6	10218	783
6	10217	784
6	10216	785
6	10215	786
6	10214	787
6	10213	788
6	10212	789
6	10211	790
6	10210	791
6	10209	792
6	10208	793
6	10207	794
6	10206	795
6	10205	796
6	10204	797
6	10203	798
6	10202	799
6	10201	800
6	10200	801
6	10199	802
6	10198	803
6	10197	804
6	10196	805
6	10195	806
6	10194	807
6	10193	808
6	10192	809
6	10191	810
6	10190	811
6	10189	812
6	10188	813
6	10187	814
6	10186	815
6	10185	816
6	10184	817
6	10183	818
6	10182	819
6	10181	820
6	10180	821
6	10179	822
6	10178	823
6	10177	824
6	10176	825
6	10175	826
6	10174	827
6	10173	828
6	10172	829
6	10171	830
6	10170	831
6	10169	832
6	10168	833
6	10167	834
6	10166	835
6	10165	836
6	10164	837
6	10163	838
6	10162	839
6	10161	840
6	10160	841
6	10159	842
6	10158	843
6	10157	844
6	10156	845
6	10155	846
6	10154	847
6	10153	848
6	10152	849
6	10151	850
6	10150	851
6	10149	852
6	10148	853
6	10147	854
6	10146	855
6	10145	856
6	10144	857
6	10143	858
6	10142	859
6	10141	860
6	10140	861
6	10139	862
6	10138	863
6	10137	864
6	10136	865
6	10135	866
6	10134	867
6	10133	868
6	10132	869
6	10131	870
6	10130	871
6	10129	872
6	10128	873
6	10127	874
6	10126	875
6	10125	876
6	10124	877
6	10123	878
6	10122	879
6	10121	880
6	10120	881
6	10119	882
6	10118	883
6	10117	884
6	10116	885
6	10115	886
6	10114	887
6	10113	888
6	10112	889
6	10111	890
6	10110	891
6	10109	892
6	10108	893
6	10107	894
6	10106	895
6	10105	896
6	10104	897
6	10103	898
6	10102	899
6	10101	900
6	10100	901
6	10099	902
6	10098	903
6	10097	904
6	10096	905
6	10095	906
6	10094	907
6	10093	908
6	10092	909
6	10091	910
6	10090	911
6	10089	912
6	10088	913
6	10087	914
6	10086	915
6	10085	916
6	10084	917
6	10083	918
6	10082	919
6	10081	920
6	10080	921
6	10079	922
6	10078	923
6	10077	924
6	10076	925
6	10075	926
6	10074	927
6	10073	928
6	10072	929
6	10071	930
6	10070	931
6	10069	932
6	10068	933
6	10067	934
6	10066	935
6	10065	936
6	10064	937
6	10063	938
6	10062	939
6	10061	940
6	10060	941
6	10059	942
6	10058	943
6	10057	944
6	10056	945
6	10055	946
6	10054	947
6	10053	948
6	10052	949
6	10051	950
6	10050	951
6	10049	952
6	10048	953
6	10047	954
6	10046	955
6	10045	956
6	10044	957
6	10043	958
6	10042	959
6	10041	960
6	10040	961
6	10039	962
6	10038	963
6	10037	964
6	10036	965
6	10035	966
6	10034	967
6	10033	968
6	10032	969
6	10031	970
6	10030	971
6	10029	972
6	10028	973
6	10027	974
6	10026	975
6	10025	976
6	10024	977
6	10023	978
6	10022	979
6	10021	980
6	10020	981
6	10019	982
6	10018	983
6	10017	984
6	10016	985
6	10015	986
6	10014	987
6	10013	988
6	10012	989
6	10011	990
6	10010	995
6	10009	998
6	10008	993
6	10007	999
6	10006	1000
6	10005	994
6	10004	997
6	10003	991
6	10002	996
6	10001	992
