#id	服务器ID	账号	密码	名称	头像	等级
id	svid	account	psw	name	icon	level
1	101	robot101	123456	游宏	1	15
2	101	robot102	123456	许冰洁	1	16
3	101	robot103	123456	年从蓉	1	16
4	101	robot104	123456	濮阳夜春	3	17
5	101	robot105	123456	佟安卉	2	17
6	101	robot106	123456	商莹	3	18
7	101	robot107	123456	尹芯爱	1	18
8	101	robot108	123456	柳菀柳	1	19
9	101	robot109	123456	利延一	4	20
10	101	robot110	123456	达奚梦菲	2	20
11	101	robot111	123456	帅飞薇	3	21
12	101	robot112	123456	子书东蒽	2	21
13	101	robot113	123456	崔静珊	1	22
14	101	robot114	123456	阚宏放	4	23
15	101	robot115	123456	赫连愫	1	23
16	101	robot116	123456	计泓蓓	3	24
17	101	robot117	123456	喻泉析	4	24
18	101	robot118	123456	充莉丹	1	25
19	101	robot119	123456	伊新霁	4	25
20	101	robot120	123456	贯丘弘量	4	26
21	101	robot121	123456	习秀影	3	27
22	101	robot122	123456	韶凝蕊	1	27
23	101	robot123	123456	冀不平	3	28
24	101	robot124	123456	单于秋	4	28
25	101	robot125	123456	宦雨嘉	3	29
26	101	robot126	123456	皇甫恬默	1	30
27	101	robot127	123456	文萧瑟	4	30
28	101	robot128	123456	崔淳芸	2	31
29	101	robot129	123456	澹台文林	4	31
30	101	robot130	123456	蒙星宇	4	32
31	101	robot131	123456	郝依心	3	32
32	101	robot132	123456	梅仪文	2	33
33	101	robot133	123456	太史柳思	1	34
34	101	robot134	123456	曹淑华	1	34
35	101	robot135	123456	马晴波	1	35
36	101	robot136	123456	牧慕梅	2	35
37	101	robot137	123456	贡苠	3	36
38	101	robot138	123456	丰尔蝶	2	37
39	101	robot139	123456	赫连欣妍	3	37
40	101	robot140	123456	索彩灵	2	38
41	101	robot141	123456	籍若颜	1	38
42	101	robot142	123456	连丹翠	1	39
43	101	robot143	123456	韦英耀	3	39
44	101	robot144	123456	沈玲珑	4	40
45	101	robot145	123456	逄青雪	1	41
46	101	robot146	123456	即墨沛珊	2	41
47	101	robot147	123456	司马素芬	3	42
48	101	robot148	123456	邓沅	2	42
49	101	robot149	123456	扶嘉祯	2	43
50	101	robot150	123456	戈芙	4	44
51	101	robot151	123456	蒋林佩	4	44
52	101	robot152	123456	冷谷槐	3	45
53	101	robot153	123456	爱筝	3	45
54	101	robot154	123456	公良承志	3	46
55	101	robot155	123456	杭弘方	3	46
56	101	robot156	123456	尤妍	4	47
57	101	robot157	123456	壤驷珍	4	48
58	101	robot158	123456	胡筮	3	48
59	101	robot159	123456	藏清	3	49
60	101	robot160	123456	长孙梦璐	4	50
10001	101	robot10001	123456	公西凝洁	1	25
10002	101	robot10002	123456	公西邑	3	25
10003	101	robot10003	123456	须雪漫	1	25
10004	101	robot10004	123456	米凡阳	4	25
10005	101	robot10005	123456	林夏旋	1	25
10006	101	robot10006	123456	戎英姑	3	25
10007	101	robot10007	123456	浦春雨	3	25
10008	101	robot10008	123456	贯丘熙华	2	25
10009	101	robot10009	123456	越昊昊	3	25
10010	101	robot10010	123456	贝映梦	3	25
10011	101	robot10011	123456	祁源通	4	25
10012	101	robot10012	123456	毋垣	1	25
10013	101	robot10013	123456	苍韵流	4	25
10014	101	robot10014	123456	彭俊雅	2	25
10015	101	robot10015	123456	袁湘	1	26
10016	101	robot10016	123456	诸妙梦	1	26
10017	101	robot10017	123456	隗陶宁	4	26
10018	101	robot10018	123456	姚襄	1	26
10019	101	robot10019	123456	况浩广	1	26
10020	101	robot10020	123456	任悦琳	2	26
10021	101	robot10021	123456	颜暖暖	1	26
10022	101	robot10022	123456	吴浩阔	4	26
10023	101	robot10023	123456	平湘	2	26
10024	101	robot10024	123456	邱语蝶	3	26
10025	101	robot10025	123456	宋弘阔	4	26
10026	101	robot10026	123456	尤莉纯	1	26
10027	101	robot10027	123456	逯彤霞	2	26
10028	101	robot10028	123456	骆银瑶	3	26
10029	101	robot10029	123456	况慕凝	4	26
10030	101	robot10030	123456	汪萌雅	3	26
10031	101	robot10031	123456	归海红铮	2	26
10032	101	robot10032	123456	郦萧非	1	26
10033	101	robot10033	123456	应元洲	1	26
10034	101	robot10034	123456	康和佟	2	26
10035	101	robot10035	123456	麻书锦	2	26
10036	101	robot10036	123456	陈笑白	1	26
10037	101	robot10037	123456	农听露	2	26
10038	101	robot10038	123456	付雨青	4	26
10039	101	robot10039	123456	訾鞯	4	26
10040	101	robot10040	123456	禄萍	3	26
10041	101	robot10041	123456	戴紫南 	2	26
10042	101	robot10042	123456	逄疾	4	26
10043	101	robot10043	123456	韶衣	2	26
10044	101	robot10044	123456	居承天	2	27
10045	101	robot10045	123456	石白卉	4	27
10046	101	robot10046	123456	西门以菱	2	27
10047	101	robot10047	123456	习夏之	3	27
10048	101	robot10048	123456	缑代丝	4	27
10049	101	robot10049	123456	子桑颦	2	27
10050	101	robot10050	123456	林梓菱	4	27
10051	101	robot10051	123456	蔺冷玉	3	27
10052	101	robot10052	123456	马婀娜	3	27
10053	101	robot10053	123456	刁莹莹	2	27
10054	101	robot10054	123456	家智勇	4	27
10055	101	robot10055	123456	项葶	2	27
10056	101	robot10056	123456	应嘉祯	1	27
10057	101	robot10057	123456	应泳葶	2	27
10058	101	robot10058	123456	江兰	2	27
10059	101	robot10059	123456	束瑛	1	27
10060	101	robot10060	123456	墨小蕾	4	27
10061	101	robot10061	123456	胥语梦	1	27
10062	101	robot10062	123456	寿潇蓉	4	27
10063	101	robot10063	123456	季高飞	2	27
10064	101	robot10064	123456	向莎莉	1	27
10065	101	robot10065	123456	胥宫苴	3	27
10066	101	robot10066	123456	卫欣可	4	27
10067	101	robot10067	123456	惠颤	1	27
10068	101	robot10068	123456	藏滢s	3	27
10069	101	robot10069	123456	周霞	1	27
10070	101	robot10070	123456	封景明	4	27
10071	101	robot10071	123456	戈雅琴	2	27
10072	101	robot10072	123456	索芙	3	28
10073	101	robot10073	123456	廉觅珍	2	28
10074	101	robot10074	123456	百里雨菲	1	28
10075	101	robot10075	123456	年幼珊	4	28
10076	101	robot10076	123456	房翎	3	28
10077	101	robot10077	123456	慎雅丽	2	28
10078	101	robot10078	123456	郝天泽	3	28
10079	101	robot10079	123456	濮阳嫔然	4	28
10080	101	robot10080	123456	管媛馨	1	28
10081	101	robot10081	123456	禄祥	1	28
10082	101	robot10082	123456	衡淑然	2	28
10083	101	robot10083	123456	子车瑛	3	28
10084	101	robot10084	123456	侯萤	1	28
10085	101	robot10085	123456	欧阳天睿	4	28
10086	101	robot10086	123456	鲜于冬儿	1	28
10087	101	robot10087	123456	盖梦影	4	28
10088	101	robot10088	123456	赵冰菁	1	28
10089	101	robot10089	123456	陶曼柔	1	28
10090	101	robot10090	123456	巫马瑛才	4	28
10091	101	robot10091	123456	井雪瑶	1	28
10092	101	robot10092	123456	仲长忆柳	2	28
10093	101	robot10093	123456	饶子美	2	28
10094	101	robot10094	123456	公皙妍歌	2	28
10095	101	robot10095	123456	游沙羽	3	28
10096	101	robot10096	123456	缑若文	1	28
10097	101	robot10097	123456	王优瑗	2	28
10098	101	robot10098	123456	李语诗	2	28
10099	101	robot10099	123456	邱语雪	3	28
10100	101	robot10100	123456	谷南莲	1	28
10101	101	robot10101	123456	太叔弱	2	29
10102	101	robot10102	123456	乜如心	2	29
10103	101	robot10103	123456	郗嚣	2	29
10104	101	robot10104	123456	牟凡梦	2	29
10105	101	robot10105	123456	缪太英	1	29
10106	101	robot10106	123456	卢沅	2	29
10107	101	robot10107	123456	贾冰双	2	29
10108	101	robot10108	123456	巴秀竹	2	29
10109	101	robot10109	123456	颛孙惮	1	29
10110	101	robot10110	123456	养茜雯	1	29
10111	101	robot10111	123456	陶莹玉	1	29
10112	101	robot10112	123456	宋献玉	4	29
10113	101	robot10113	123456	章琛瑞	1	29
10114	101	robot10114	123456	杨	3	29
10115	101	robot10115	123456	芮布欣	3	29
10116	101	robot10116	123456	屠鸿志	2	29
10117	101	robot10117	123456	冯丝雨	3	29
10118	101	robot10118	123456	濮忻然	4	29
10119	101	robot10119	123456	从朝旭	3	29
10120	101	robot10120	123456	子书云容	2	29
10121	101	robot10121	123456	景谷南	4	29
10122	101	robot10122	123456	关怡	3	29
10123	101	robot10123	123456	柳续	3	29
10124	101	robot10124	123456	詹梦涵	4	29
10125	101	robot10125	123456	寇淇	3	29
10126	101	robot10126	123456	充梓馨	2	29
10127	101	robot10127	123456	卜娥	2	29
10128	101	robot10128	123456	盛顺美	1	29
10129	101	robot10129	123456	公西浏天	2	29
10130	101	robot10130	123456	闾丘弘致	2	30
10131	101	robot10131	123456	陈衫	3	30
10132	101	robot10132	123456	匡澜	1	30
10133	101	robot10133	123456	须雯	4	30
10134	101	robot10134	123456	公良语燕	1	30
10135	101	robot10135	123456	卞方仪	3	30
10136	101	robot10136	123456	闻高峰	2	30
10137	101	robot10137	123456	司马以南	1	30
10138	101	robot10138	123456	郭宸	1	30
10139	101	robot10139	123456	子书温茂	3	30
10140	101	robot10140	123456	宓云云	1	30
10141	101	robot10141	123456	阴笑阳	3	30
10142	101	robot10142	123456	柏赛凤	2	30
10143	101	robot10143	123456	南门师	4	30
10144	101	robot10144	123456	凌三姗	3	30
10145	101	robot10145	123456	闫莞	1	30
10146	101	robot10146	123456	微生以丹	3	30
10147	101	robot10147	123456	闻人飞跃	3	30
10148	101	robot10148	123456	季洁玲	2	30
10149	101	robot10149	123456	寿鸿	4	30
10150	101	robot10150	123456	诸葛盈	4	30
10151	101	robot10151	123456	刁妙菱	2	30
10152	101	robot10152	123456	虞依柔	2	30
10153	101	robot10153	123456	陆沛春	1	30
10154	101	robot10154	123456	钮诗雅	3	30
10155	101	robot10155	123456	庾涟妖	3	30
10156	101	robot10156	123456	计静恬	4	30
10157	101	robot10157	123456	马珊莉	1	30
10158	101	robot10158	123456	喻高格	2	31
10159	101	robot10159	123456	游秀竹	3	31
10160	101	robot10160	123456	孙孤丹	3	31
10161	101	robot10161	123456	寇水瑶	3	31
10162	101	robot10162	123456	曹成济	4	31
10163	101	robot10163	123456	拓跋紫	3	31
10164	101	robot10164	123456	子书怀蝶	2	31
10165	101	robot10165	123456	姚文彪	3	31
10166	101	robot10166	123456	明明达	4	31
10167	101	robot10167	123456	籍世倌	1	31
10168	101	robot10168	123456	林臻	3	31
10169	101	robot10169	123456	雍安莲	3	31
10170	101	robot10170	123456	闵志行	3	31
10171	101	robot10171	123456	荀莺	1	31
10172	101	robot10172	123456	魏茈	4	31
10173	101	robot10173	123456	司寇谷南	2	31
10174	101	robot10174	123456	裴康成	4	31
10175	101	robot10175	123456	冷菀	2	31
10176	101	robot10176	123456	罗舒畅	1	31
10177	101	robot10177	123456	步苡	3	31
10178	101	robot10178	123456	司空从阳	3	31
10179	101	robot10179	123456	慕钰媛	1	31
10180	101	robot10180	123456	黄晓慧	1	31
10181	101	robot10181	123456	甄梦璐	3	31
10182	101	robot10182	123456	孙博雅	1	31
10183	101	robot10183	123456	福甘雨	1	31
10184	101	robot10184	123456	羊舌契	4	31
10185	101	robot10185	123456	端木梦竹	3	31
10186	101	robot10186	123456	谯笪问晴	1	31
10187	101	robot10187	123456	达奚凡松	2	32
10188	101	robot10188	123456	羊舌真	2	32
10189	101	robot10189	123456	独孤善望	4	32
10190	101	robot10190	123456	蔡宛h	2	32
10191	101	robot10191	123456	丰寄容	3	32
10192	101	robot10192	123456	姜可可	1	32
10193	101	robot10193	123456	段弼	3	32
10194	101	robot10194	123456	郭莎玲	4	32
10195	101	robot10195	123456	爱	1	32
10196	101	robot10196	123456	牧绍元	4	32
10197	101	robot10197	123456	尤含莲	4	32
10198	101	robot10198	123456	凤益年	4	32
10199	101	robot10199	123456	宓浩慨	3	32
10200	101	robot10200	123456	苏嘉谊	1	32
10201	101	robot10201	123456	独孤萤	4	32
10202	101	robot10202	123456	都琼宇	3	32
10203	101	robot10203	123456	禹良平	2	32
10204	101	robot10204	123456	呼延浩丽	2	32
10205	101	robot10205	123456	宰父可冥	4	32
10206	101	robot10206	123456	岳歆美	1	32
10207	101	robot10207	123456	牧襄	2	32
10208	101	robot10208	123456	焦邪欢	2	32
10209	101	robot10209	123456	屈芳馥	1	32
10210	101	robot10210	123456	藤叶芳	1	32
10211	101	robot10211	123456	经姿	2	32
10212	101	robot10212	123456	符芸熙	2	32
10213	101	robot10213	123456	微生妙竹	2	32
10214	101	robot10214	123456	翁梓洁	3	32
10215	101	robot10215	123456	仰恺歌	4	32
10216	101	robot10216	123456	都夜玉	3	33
10217	101	robot10217	123456	南荣丹红	4	33
10218	101	robot10218	123456	曾浓绮	1	33
10219	101	robot10219	123456	詹淇	3	33
10220	101	robot10220	123456	寿语心	3	33
10221	101	robot10221	123456	蔺盈	1	33
10222	101	robot10222	123456	融洪葶	4	33
10223	101	robot10223	123456	段干曼香	2	33
10224	101	robot10224	123456	即墨正志	3	33
10225	101	robot10225	123456	哈忠沥	4	33
10226	101	robot10226	123456	阳河根	2	33
10227	101	robot10227	123456	骆天璐	2	33
10228	101	robot10228	123456	巫斩	1	33
10229	101	robot10229	123456	濮巧夏	1	33
10230	101	robot10230	123456	司马涔	4	33
10231	101	robot10231	123456	闻人萍	1	33
10232	101	robot10232	123456	许和怡	4	33
10233	101	robot10233	123456	梁思义	4	33
10234	101	robot10234	123456	程恨荷	1	33
10235	101	robot10235	123456	山如南	3	33
10236	101	robot10236	123456	戚剑	4	33
10237	101	robot10237	123456	支芮美	4	33
10238	101	robot10238	123456	周萧瑟	4	33
10239	101	robot10239	123456	公飞白	1	33
10240	101	robot10240	123456	董璎	1	33
10241	101	robot10241	123456	林衣	4	33
10242	101	robot10242	123456	尤瞬献	2	33
10243	101	robot10243	123456	屈成益	2	33
10244	101	robot10244	123456	宫婉莹	1	34
10245	101	robot10245	123456	拓拔捕	3	34
10246	101	robot10246	123456	段干学明	1	34
10247	101	robot10247	123456	颜竺	3	34
10248	101	robot10248	123456	祖清昶	2	34
10249	101	robot10249	123456	房书慧	1	34
10250	101	robot10250	123456	赵梦秋	1	34
10251	101	robot10251	123456	华棋机	1	34
10252	101	robot10252	123456	程弘深	3	34
10253	101	robot10253	123456	肖惜海	3	34
10254	101	robot10254	123456	师乃心	3	34
10255	101	robot10255	123456	弓之槐	4	34
10256	101	robot10256	123456	骆映冬	3	34
10257	101	robot10257	123456	诸芮涵	1	34
10258	101	robot10258	123456	宫靖雁	3	34
10259	101	robot10259	123456	管新儿	3	34
10260	101	robot10260	123456	惠茗	2	34
10261	101	robot10261	123456	贯丘傲薇	2	34
10262	101	robot10262	123456	燕琪华	2	34
10263	101	robot10263	123456	毕佳晨	3	34
10264	101	robot10264	123456	訾承德	1	34
10265	101	robot10265	123456	秦绿竹	2	34
10266	101	robot10266	123456	游忻慕	4	34
10267	101	robot10267	123456	付笑槐	4	34
10268	101	robot10268	123456	荀宜然	3	34
10269	101	robot10269	123456	扶昭雪	2	34
10270	101	robot10270	123456	秋韶丽	4	34
10271	101	robot10271	123456	利莹	2	34
10272	101	robot10272	123456	哈忆曼	4	34
10273	101	robot10273	123456	都含芙	1	35
10274	101	robot10274	123456	索萤	4	35
10275	101	robot10275	123456	骆飞风	3	35
10276	101	robot10276	123456	汪士晋	2	35
10277	101	robot10277	123456	公冶淑灵	2	35
10278	101	robot10278	123456	暨白薇	1	35
10279	101	robot10279	123456	邬子竹	1	35
10280	101	robot10280	123456	隆如曼	2	35
10281	101	robot10281	123456	凤红豆	4	35
10282	101	robot10282	123456	归海千青	3	35
10283	101	robot10283	123456	孔剑愁	1	35
10284	101	robot10284	123456	司琴音	1	35
10285	101	robot10285	123456	谷梁初阳	3	35
10286	101	robot10286	123456	隗锐泽	4	35
10287	101	robot10287	123456	夏候函	3	35
10288	101	robot10288	123456	诸葛天奇	4	35
10289	101	robot10289	123456	谯笪云梦	3	35
10290	101	robot10290	123456	经心远	1	35
10291	101	robot10291	123456	法敏	4	35
10292	101	robot10292	123456	董芝卓	4	35
10293	101	robot10293	123456	高梓欣	2	35
10294	101	robot10294	123456	秋月辰	4	35
10295	101	robot10295	123456	宫雨文	2	35
10296	101	robot10296	123456	芮萦思	2	35
10297	101	robot10297	123456	崔如天	3	35
10298	101	robot10298	123456	百里_	3	35
10299	101	robot10299	123456	公孙思真	3	35
10300	101	robot10300	123456	松致远	4	35
10301	101	robot10301	123456	达奚乾	3	35
10302	101	robot10302	123456	符代桃	4	36
10303	101	robot10303	123456	呼延密思	1	36
10304	101	robot10304	123456	赏柔惠	1	36
10305	101	robot10305	123456	姚幼蓉	1	36
10306	101	robot10306	123456	翟于竹	3	36
10307	101	robot10307	123456	贺星火	3	36
10308	101	robot10308	123456	华源思	3	36
10309	101	robot10309	123456	花翰音	1	36
10310	101	robot10310	123456	澹台园月	3	36
10311	101	robot10311	123456	山合乐	2	36
10312	101	robot10312	123456	钮初丹	1	36
10313	101	robot10313	123456	仲长惋庭	3	36
10314	101	robot10314	123456	蔡帅泰	3	36
10315	101	robot10315	123456	鄂沉鱼	1	36
10316	101	robot10316	123456	范烨磊	1	36
10317	101	robot10317	123456	井秀妮	3	36
10318	101	robot10318	123456	钮丰羽	4	36
10319	101	robot10319	123456	关昊空	1	36
10320	101	robot10320	123456	茹云倩	2	36
10321	101	robot10321	123456	贲月婵	3	36
10322	101	robot10322	123456	舒百莹	3	36
10323	101	robot10323	123456	邹绮玉	4	36
10324	101	robot10324	123456	侯贞	2	36
10325	101	robot10325	123456	强志行	2	36
10326	101	robot10326	123456	孔姝	1	36
10327	101	robot10327	123456	明蔓菁	3	36
10328	101	robot10328	123456	谢瑛才	2	36
10329	101	robot10329	123456	湛蓉	2	36
10330	101	robot10330	123456	终霸	3	36
10331	101	robot10331	123456	任森滕	4	37
10332	101	robot10332	123456	养雪慧	2	37
10333	101	robot10333	123456	邓函	4	37
10334	101	robot10334	123456	单于珈树	3	37
10335	101	robot10335	123456	邴文栋	2	37
10336	101	robot10336	123456	柯氯	3	37
10337	101	robot10337	123456	昌笑笑	1	37
10338	101	robot10338	123456	戎嘉茂	2	37
10339	101	robot10339	123456	蔺千秋	2	37
10340	101	robot10340	123456	苍新红	1	37
10341	101	robot10341	123456	牛如冰	3	37
10342	101	robot10342	123456	阙盈	4	37
10343	101	robot10343	123456	东方安民	3	37
10344	101	robot10344	123456	束彤	1	37
10345	101	robot10345	123456	晏罡	2	37
10346	101	robot10346	123456	解梦竹	4	37
10347	101	robot10347	123456	孟茗月	4	37
10348	101	robot10348	123456	芮剑心	4	37
10349	101	robot10349	123456	百里闲华	3	37
10350	101	robot10350	123456	昝惠	2	37
10351	101	robot10351	123456	杜秀	3	37
10352	101	robot10352	123456	暨婷婕	1	37
10353	101	robot10353	123456	况无心	2	37
10354	101	robot10354	123456	水高兴	2	37
10355	101	robot10355	123456	吕天宇	3	37
10356	101	robot10356	123456	谯笪楠晨	3	37
10357	101	robot10357	123456	闻人赛凤	4	37
10358	101	robot10358	123456	娄小萍	1	37
10359	101	robot10359	123456	爱修竹	1	38
10360	101	robot10360	123456	茹梓h	2	38
10361	101	robot10361	123456	夔惜文	3	38
10362	101	robot10362	123456	乐思萌	2	38
10363	101	robot10363	123456	刘可冥	4	38
10364	101	robot10364	123456	闻人康顺	3	38
10365	101	robot10365	123456	扶初柔	4	38
10366	101	robot10366	123456	班如馨	4	38
10367	101	robot10367	123456	秦吉敏	2	38
10368	101	robot10368	123456	柳凯康	4	38
10369	101	robot10369	123456	曲海咏	2	38
10370	101	robot10370	123456	段干婷芸	1	38
10371	101	robot10371	123456	严愉柠	2	38
10372	101	robot10372	123456	水飞兰	2	38
10373	101	robot10373	123456	涂敏	2	38
10374	101	robot10374	123456	付祥	3	38
10375	101	robot10375	123456	危淇	2	38
10376	101	robot10376	123456	亢舒雅	2	38
10377	101	robot10377	123456	班丹烟	4	38
10378	101	robot10378	123456	莫一斩	1	38
10379	101	robot10379	123456	杭千凝	2	38
10380	101	robot10380	123456	羊舌翰学	3	38
10381	101	robot10381	123456	习满天	4	38
10382	101	robot10382	123456	公羊听筠	1	38
10383	101	robot10383	123456	佘霞文	2	38
10384	101	robot10384	123456	皇甫文轩	3	38
10385	101	robot10385	123456	商淑瑜	2	38
10386	101	robot10386	123456	钮华芝	4	38
10387	101	robot10387	123456	汝愫	2	38
10388	101	robot10388	123456	哈斓	1	39
10389	101	robot10389	123456	孙樱	4	39
10390	101	robot10390	123456	金曼香	1	39
10391	101	robot10391	123456	全钰岚	4	39
10392	101	robot10392	123456	东方宛	1	39
10393	101	robot10393	123456	那L芳	4	39
10394	101	robot10394	123456	翁若雨	1	39
10395	101	robot10395	123456	陈访梦	2	39
10396	101	robot10396	123456	甄藏今	1	39
10397	101	robot10397	123456	养绮	3	39
10398	101	robot10398	123456	路艳卉	2	39
10399	101	robot10399	123456	籍凤灵	1	39
10400	101	robot10400	123456	伊盈	4	39
10401	101	robot10401	123456	陆嫣	1	39
10402	101	robot10402	123456	公雅诗	3	39
10403	101	robot10403	123456	郗雪萱	3	39
10404	101	robot10404	123456	左丘峥凛	1	39
10405	101	robot10405	123456	公西惠	4	39
10406	101	robot10406	123456	强妍	4	39
10407	101	robot10407	123456	边子希	3	39
10408	101	robot10408	123456	皮良朋	4	39
10409	101	robot10409	123456	窦之存	4	39
10410	101	robot10410	123456	沙幼怡	4	39
10411	101	robot10411	123456	安剀维	4	39
10412	101	robot10412	123456	拓拔达	1	39
10413	101	robot10413	123456	融若香	2	39
10414	101	robot10414	123456	虞寻双	2	39
10415	101	robot10415	123456	司空雍	1	39
10416	101	robot10416	123456	殷半烟	4	39
10417	101	robot10417	123456	麻雅宁	3	40
10418	101	robot10418	123456	芮宝莹	2	40
10419	101	robot10419	123456	隗叶彤	3	40
10420	101	robot10420	123456	印敏	2	40
10421	101	robot10421	123456	贡胜轩	2	40
10422	101	robot10422	123456	艾曼文	2	40
10423	101	robot10423	123456	姜素华	3	40
10424	101	robot10424	123456	丁楚娅	4	40
10425	101	robot10425	123456	郁露雪	1	40
10426	101	robot10426	123456	拓拔婷茹	3	40
10427	101	robot10427	123456	耿加肖	4	40
10428	101	robot10428	123456	陆秋婵	1	40
10429	101	robot10429	123456	韩燕舞	2	40
10430	101	robot10430	123456	季珍	4	40
10431	101	robot10431	123456	东里秋叶	1	40
10432	101	robot10432	123456	宗政芙	3	40
10433	101	robot10433	123456	贡元霜	2	40
10434	101	robot10434	123456	任傥	3	40
10435	101	robot10435	123456	单于颖	3	40
10436	101	robot10436	123456	向隶	3	40
10437	101	robot10437	123456	轩辕金佳	3	40
10438	101	robot10438	123456	鲍世程	4	40
10439	101	robot10439	123456	马丽姝	4	40
10440	101	robot10440	123456	卞正诚	4	40
10441	101	robot10441	123456	梅梦雨	2	40
10442	101	robot10442	123456	宇文磊荞	2	40
10443	101	robot10443	123456	梁丘月桂	1	40
10444	101	robot10444	123456	骆斌蔚	2	40
10445	101	robot10445	123456	乌凝丹	4	41
10446	101	robot10446	123456	荆月云	2	41
10447	101	robot10447	123456	景小雨	1	41
10448	101	robot10448	123456	谷绿柳	2	41
10449	101	robot10449	123456	幸仁菲	2	41
10450	101	robot10450	123456	方芷蕾	1	41
10451	101	robot10451	123456	焦松雨	4	41
10452	101	robot10452	123456	胥忆安	1	41
10453	101	robot10453	123456	孔世贝	2	41
10454	101	robot10454	123456	韩秋悦	2	41
10455	101	robot10455	123456	席盼旋	3	41
10456	101	robot10456	123456	籍香	4	41
10457	101	robot10457	123456	游涑	4	41
10458	101	robot10458	123456	郗乌	3	41
10459	101	robot10459	123456	冯清漪	4	41
10460	101	robot10460	123456	钟离乃心	1	41
10461	101	robot10461	123456	邹阳曦	1	41
10462	101	robot10462	123456	法悒	1	41
10463	101	robot10463	123456	蒋宛海	3	41
10464	101	robot10464	123456	叶延晔	4	41
10465	101	robot10465	123456	武羡丽	1	41
10466	101	robot10466	123456	盛亚怿	2	41
10467	101	robot10467	123456	顾翠安	1	41
10468	101	robot10468	123456	能新林	1	41
10469	101	robot10469	123456	葛雪云	4	41
10470	101	robot10470	123456	田燕楠	3	41
10471	101	robot10471	123456	叶俊名	1	41
10472	101	robot10472	123456	司寇璇珠	4	41
10473	101	robot10473	123456	松冷菱	4	41
10474	101	robot10474	123456	莫筠萍	1	42
10475	101	robot10475	123456	郏莉纯	1	42
10476	101	robot10476	123456	弘葶	1	42
10477	101	robot10477	123456	狄^朵	4	42
10478	101	robot10478	123456	山代容	2	42
10479	101	robot10479	123456	邢萱彤	3	42
10480	101	robot10480	123456	宓班	3	42
10481	101	robot10481	123456	昌雁	2	42
10482	101	robot10482	123456	即墨炜莹	2	42
10483	101	robot10483	123456	桑逸春	1	42
10484	101	robot10484	123456	樊耀锟	3	42
10485	101	robot10485	123456	乜冬萱	1	42
10486	101	robot10486	123456	毛雁凡	1	42
10487	101	robot10487	123456	百里丹雪	3	42
10488	101	robot10488	123456	卢信瑞	1	42
10489	101	robot10489	123456	通若君	1	42
10490	101	robot10490	123456	茹润丽	2	42
10491	101	robot10491	123456	谈俨雅	1	42
10492	101	robot10492	123456	秋依楠	2	42
10493	101	robot10493	123456	慕容宛曼	3	42
10494	101	robot10494	123456	翁弘伟	2	42
10495	101	robot10495	123456	秦萍	4	42
10496	101	robot10496	123456	曹荟	3	42
10497	101	robot10497	123456	倪锐达	2	42
10498	101	robot10498	123456	东宫永安	2	42
10499	101	robot10499	123456	匡明俊	1	42
10500	101	robot10500	123456	聂冰旋	3	42
10501	101	robot10501	123456	游翰池	1	42
10502	101	robot10502	123456	弓筱茜	4	42
10503	101	robot10503	123456	狄斩	4	43
10504	101	robot10504	123456	吴洁玲	1	43
10505	101	robot10505	123456	邵倩秀	1	43
10506	101	robot10506	123456	巫绫	4	43
10507	101	robot10507	123456	公羊瀚薇	1	43
10508	101	robot10508	123456	乌殊奥	3	43
10509	101	robot10509	123456	邢奄	4	43
10510	101	robot10510	123456	公玉鸣凤	2	43
10511	101	robot10511	123456	吴馨蓉	1	43
10512	101	robot10512	123456	费彗云	4	43
10513	101	robot10513	123456	邵和怡	3	43
10514	101	robot10514	123456	房雪莲	4	43
10515	101	robot10515	123456	戎诗莎	3	43
10516	101	robot10516	123456	东门婉秀	4	43
10517	101	robot10517	123456	富歆美	2	43
10518	101	robot10518	123456	养仔城	1	43
10519	101	robot10519	123456	褚爰美	4	43
10520	101	robot10520	123456	通若英	2	43
10521	101	robot10521	123456	东宫瑛	3	43
10522	101	robot10522	123456	匡芮澜	4	43
10523	101	robot10523	123456	钦娅芳	1	43
10524	101	robot10524	123456	公坚新文	2	43
10525	101	robot10525	123456	段文芷	3	43
10526	101	robot10526	123456	公玉媛馨	1	43
10527	101	robot10527	123456	高璇子	2	43
10528	101	robot10528	123456	石之玉	4	43
10529	101	robot10529	123456	成翠桃	2	43
10530	101	robot10530	123456	费俊远	3	43
10531	101	robot10531	123456	陶素华	2	44
10532	101	robot10532	123456	南荣子凡	1	44
10533	101	robot10533	123456	汤子涵	2	44
10534	101	robot10534	123456	东郭永逸	1	44
10535	101	robot10535	123456	温安筠	1	44
10536	101	robot10536	123456	谈无极	4	44
10537	101	robot10537	123456	夏侯梓颖	1	44
10538	101	robot10538	123456	石闭月	3	44
10539	101	robot10539	123456	顾贝莉	3	44
10540	101	robot10540	123456	水素	1	44
10541	101	robot10541	123456	麻听露	3	44
10542	101	robot10542	123456	仇涫	3	44
10543	101	robot10543	123456	茅沐联	1	44
10544	101	robot10544	123456	双菡梅	4	44
10545	101	robot10545	123456	仲长飞宇	2	44
10546	101	robot10546	123456	栾巧风	4	44
10547	101	robot10547	123456	鄂士萧	2	44
10548	101	robot10548	123456	年莆	4	44
10549	101	robot10549	123456	权新颖	2	44
10550	101	robot10550	123456	况光霁	4	44
10551	101	robot10551	123456	邓斯乔	3	44
10552	101	robot10552	123456	蔚颜	4	44
10553	101	robot10553	123456	俟悦欣	1	44
10554	101	robot10554	123456	龚付潘	1	44
10555	101	robot10555	123456	蓝僮朦	4	44
10556	101	robot10556	123456	令狐梓蓓	4	44
10557	101	robot10557	123456	左罕伯	2	44
10558	101	robot10558	123456	公乘姣姣	2	44
10559	101	robot10559	123456	翟雪芳	1	44
10560	101	robot10560	123456	高芮	2	45
10561	101	robot10561	123456	蓝芷琪	2	45
10562	101	robot10562	123456	夏侯琳	1	45
10563	101	robot10563	123456	樊飞莲	3	45
10564	101	robot10564	123456	查紫蕙	2	45
10565	101	robot10565	123456	藏叫兽	3	45
10566	101	robot10566	123456	宁诚轩	4	45
10567	101	robot10567	123456	杨朝言	2	45
10568	101	robot10568	123456	薛雁露	2	45
10569	101	robot10569	123456	巩凡英	1	45
10570	101	robot10570	123456	金荠	3	45
10571	101	robot10571	123456	拓拔穆	1	45
10572	101	robot10572	123456	苍文成	2	45
10573	101	robot10573	123456	巩雪怡	4	45
10574	101	robot10574	123456	孟静婉	2	45
10575	101	robot10575	123456	高驳	2	45
10576	101	robot10576	123456	段干纲	2	45
10577	101	robot10577	123456	费向游	3	45
10578	101	robot10578	123456	章衣	3	45
10579	101	robot10579	123456	陶乐天	1	45
10580	101	robot10580	123456	伯听寒	4	45
10581	101	robot10581	123456	蓟星津	1	45
10582	101	robot10582	123456	楚熙雯	3	45
10583	101	robot10583	123456	水楷瑞	3	45
10584	101	robot10584	123456	慕才艺	4	45
10585	101	robot10585	123456	薛逊	2	45
10586	101	robot10586	123456	公乘可涵	1	45
10587	101	robot10587	123456	干樱	2	45
10588	101	robot10588	123456	苍浩荡	2	45
10589	101	robot10589	123456	陈雯	3	46
10590	101	robot10590	123456	扈玉轩	2	46
10591	101	robot10591	123456	聂一洋	4	46
10592	101	robot10592	123456	暴念双	2	46
10593	101	robot10593	123456	曹妙芹	3	46
10594	101	robot10594	123456	段干荟	1	46
10595	101	robot10595	123456	公玉罡	3	46
10596	101	robot10596	123456	杜宜然	2	46
10597	101	robot10597	123456	桓迎秋	2	46
10598	101	robot10598	123456	东门悦可	3	46
10599	101	robot10599	123456	牧涑	2	46
10600	101	robot10600	123456	农浩	2	46
10601	101	robot10601	123456	鄢函	1	46
10602	101	robot10602	123456	薄柳媚	1	46
10603	101	robot10603	123456	游博瀚	1	46
10604	101	robot10604	123456	隗弘伟	4	46
10605	101	robot10605	123456	曹平心	1	46
10606	101	robot10606	123456	葛惠美	2	46
10607	101	robot10607	123456	富芮	1	46
10608	101	robot10608	123456	翁可仁	3	46
10609	101	robot10609	123456	苗莹	4	46
10610	101	robot10610	123456	钱云云	3	46
10611	101	robot10611	123456	慎浩渺	4	46
10612	101	robot10612	123456	琴枳荞	3	46
10613	101	robot10613	123456	佟海桃	4	46
10614	101	robot10614	123456	西门修平	4	46
10615	101	robot10615	123456	缑素芬	1	46
10616	101	robot10616	123456	靳思懿	2	46
10617	101	robot10617	123456	任丽玉	4	46
10618	101	robot10618	123456	邴正祥	1	47
10619	101	robot10619	123456	慕元恺	2	47
10620	101	robot10620	123456	孔若灵	2	47
10621	101	robot10621	123456	权如馨	3	47
10622	101	robot10622	123456	熊湘	3	47
10623	101	robot10623	123456	慕阳德	4	47
10624	101	robot10624	123456	甄凯风	1	47
10625	101	robot10625	123456	仲长寻梅	3	47
10626	101	robot10626	123456	管红沐	4	47
10627	101	robot10627	123456	荆晓凡	3	47
10628	101	robot10628	123456	晁坚秉	4	47
10629	101	robot10629	123456	司徒弘致	4	47
10630	101	robot10630	123456	肖希恩	4	47
10631	101	robot10631	123456	申屠忻	2	47
10632	101	robot10632	123456	澹台鹏鲲	1	47
10633	101	robot10633	123456	师静恬	4	47
10634	101	robot10634	123456	扶香旋	2	47
10635	101	robot10635	123456	厉琛瑞	4	47
10636	101	robot10636	123456	仉督阑香	1	47
10637	101	robot10637	123456	羿子默	1	47
10638	101	robot10638	123456	尚隶	2	47
10639	101	robot10639	123456	艾念寒	2	47
10640	101	robot10640	123456	昝尔槐	4	47
10641	101	robot10641	123456	杭钰h	1	47
10642	101	robot10642	123456	阮衣	3	47
10643	101	robot10643	123456	独孤菀柳	1	47
10644	101	robot10644	123456	房姒	4	47
10645	101	robot10645	123456	姬柔	2	47
10646	101	robot10646	123456	明蓝玉	2	48
10647	101	robot10647	123456	漆雕慈意	2	48
10648	101	robot10648	123456	支储	3	48
10649	101	robot10649	123456	龚才良	4	48
10650	101	robot10650	123456	褚师思洁	2	48
10651	101	robot10651	123456	汤静竹	2	48
10652	101	robot10652	123456	甄思茵	1	48
10653	101	robot10653	123456	敖盼柳	2	48
10654	101	robot10654	123456	扶盼翠	4	48
10655	101	robot10655	123456	司马小枫	1	48
10656	101	robot10656	123456	缪优悦	2	48
10657	101	robot10657	123456	厉凌香	4	48
10658	101	robot10658	123456	朱代玉	3	48
10659	101	robot10659	123456	太叔元菱	2	48
10660	101	robot10660	123456	东荧	4	48
10661	101	robot10661	123456	况智志	2	48
10662	101	robot10662	123456	后梦蕊	2	48
10663	101	robot10663	123456	拓拔鹤	3	48
10664	101	robot10664	123456	冷依娜	2	48
10665	101	robot10665	123456	茹国兴	2	48
10666	101	robot10666	123456	唐元恺	2	48
10667	101	robot10667	123456	宰父灵雁	1	48
10668	101	robot10668	123456	端木靖荷	1	48
10669	101	robot10669	123456	成半雪	3	48
10670	101	robot10670	123456	艾勤尘	3	48
10671	101	robot10671	123456	湛慕悦	4	48
10672	101	robot10672	123456	周清雅	3	48
10673	101	robot10673	123456	茅清元	3	48
10674	101	robot10674	123456	达奚沐卉	1	48
10675	101	robot10675	123456	庾紫萍	1	49
10676	101	robot10676	123456	巴发有	4	49
10677	101	robot10677	123456	东里羿晖	3	49
10678	101	robot10678	123456	何乐荷	4	49
10679	101	robot10679	123456	亢暖渔	3	49
10680	101	robot10680	123456	应紫青	3	49
10681	101	robot10681	123456	齐光赫	1	49
10682	101	robot10682	123456	洪晓曼	3	49
10683	101	robot10683	123456	殳严青	2	49
10684	101	robot10684	123456	史惜萱	1	49
10685	101	robot10685	123456	莘谷云	2	49
10686	101	robot10686	123456	吉佳金	1	49
10687	101	robot10687	123456	班洪纲	4	49
10688	101	robot10688	123456	太叔嫣娆	1	49
10689	101	robot10689	123456	荣Z雯	4	49
10690	101	robot10690	123456	哈平安	2	49
10691	101	robot10691	123456	白涵双	4	49
10692	101	robot10692	123456	公羊阳k	3	49
10693	101	robot10693	123456	茅月倩	3	49
10694	101	robot10694	123456	厍贯与	2	49
10695	101	robot10695	123456	公羊泳薇	4	49
10696	101	robot10696	123456	司马山雁	1	49
10697	101	robot10697	123456	阎永寿	3	49
10698	101	robot10698	123456	俟盼波	1	49
10699	101	robot10699	123456	戚衫	2	49
10700	101	robot10700	123456	仰峥凛	2	49
10701	101	robot10701	123456	蒲芯	3	49
10702	101	robot10702	123456	申敏达	4	49
10703	101	robot10703	123456	汤言文	3	49
10704	101	robot10704	123456	贡乐志	3	50
10705	101	robot10705	123456	牧平灵	2	50
10706	101	robot10706	123456	公冶元武	4	50
10707	101	robot10707	123456	诸葛民尧	3	50
10708	101	robot10708	123456	成苡	4	50
10709	101	robot10709	123456	边文丽	2	50
10710	101	robot10710	123456	宦承嗣	1	50
10711	101	robot10711	123456	昝雁	2	50
10712	101	robot10712	123456	韦莞	3	50
10713	101	robot10713	123456	梅漩希	1	50
10714	101	robot10714	123456	敖柔绚	2	50
10715	101	robot10715	123456	戴懋阳	2	50
10716	101	robot10716	123456	毋宛畅	1	50
10717	101	robot10717	123456	苗夏寒	2	50
10718	101	robot10718	123456	施永乙	2	50
10719	101	robot10719	123456	邬宛茹	1	50
10720	101	robot10720	123456	南宫言心	4	50
10721	101	robot10721	123456	刁星光	4	50
10722	101	robot10722	123456	厉天巧	1	50
10723	101	robot10723	123456	毛中道	4	50
10724	101	robot10724	123456	柏平绿	1	50
10725	101	robot10725	123456	沈杪耒	1	50
10726	101	robot10726	123456	夏侯启绒	2	50
10727	101	robot10727	123456	党香芦	3	50
10728	101	robot10728	123456	桂颖娟	4	50
10729	101	robot10729	123456	崔听白	4	50
10730	101	robot10730	123456	梁娴淑	3	50
10731	101	robot10731	123456	独孤桐	1	50
10732	101	robot10732	123456	黎庄静	4	51
10733	101	robot10733	123456	乔海儿	2	51
10734	101	robot10734	123456	松凝远	2	51
10735	101	robot10735	123456	颛孙灵敏	2	51
10736	101	robot10736	123456	房若宁	1	51
10737	101	robot10737	123456	嵇怡	1	51
10738	101	robot10738	123456	羊舌清润	2	51
10739	101	robot10739	123456	空洪萍	2	51
10740	101	robot10740	123456	仲尔容	3	51
10741	101	robot10741	123456	权芹	4	51
10742	101	robot10742	123456	钟桂月	1	51
10743	101	robot10743	123456	暴芷蕾	4	51
10744	101	robot10744	123456	越嘉音	4	51
10745	101	robot10745	123456	史初之	3	51
10746	101	robot10746	123456	欧妍菲	3	51
10747	101	robot10747	123456	欧阳幻桃	3	51
10748	101	robot10748	123456	汤熙柔	4	51
10749	101	robot10749	123456	熊贤淑	1	51
10750	101	robot10750	123456	戎颦	1	51
10751	101	robot10751	123456	翟悦和	4	51
10752	101	robot10752	123456	向茈	2	51
10753	101	robot10753	123456	葛冰萍	4	51
10754	101	robot10754	123456	缪婉滢	2	51
10755	101	robot10755	123456	习莎婷	4	51
10756	101	robot10756	123456	满蓉	4	51
10757	101	robot10757	123456	竺芸	4	51
10758	101	robot10758	123456	裴瑞云	4	51
10759	101	robot10759	123456	席梓榆	1	51
10760	101	robot10760	123456	易安蕾	1	51
10761	101	robot10761	123456	那微澜	3	52
10762	101	robot10762	123456	诸苠	4	52
10763	101	robot10763	123456	庞香梅	1	52
10764	101	robot10764	123456	杨秋伊	2	52
10765	101	robot10765	123456	贲不二	3	52
10766	101	robot10766	123456	董梓童	1	52
10767	101	robot10767	123456	蔺甜恬	2	52
10768	101	robot10768	123456	商紫薇	2	52
10769	101	robot10769	123456	汲茹钐	4	52
10770	101	robot10770	123456	鲁华采	2	52
10771	101	robot10771	123456	荀竺	2	52
10772	101	robot10772	123456	庞茗	3	52
10773	101	robot10773	123456	弘碧琳	3	52
10774	101	robot10774	123456	史歌韵	4	52
10775	101	robot10775	123456	丁若	4	52
10776	101	robot10776	123456	戈虹玉	3	52
10777	101	robot10777	123456	公冶欣妍	2	52
10778	101	robot10778	123456	藤桂慧	1	52
10779	101	robot10779	123456	广真洁	1	52
10780	101	robot10780	123456	甄沁舒	3	52
10781	101	robot10781	123456	秋凌春	4	52
10782	101	robot10782	123456	达奚洙	4	52
10783	101	robot10783	123456	羊芹	3	52
10784	101	robot10784	123456	苏慧语	1	52
10785	101	robot10785	123456	端木竺	2	52
10786	101	robot10786	123456	端木子欣	4	52
10787	101	robot10787	123456	龙婴	4	52
10788	101	robot10788	123456	洪秋奕	2	52
10789	101	robot10789	123456	赵海雪	1	52
10790	101	robot10790	123456	邬芷	3	53
10791	101	robot10791	123456	吕阳曦	3	53
10792	101	robot10792	123456	子书海灿	1	53
10793	101	robot10793	123456	许乐瑶	2	53
10794	101	robot10794	123456	赖梓美	2	53
10795	101	robot10795	123456	戈涫	2	53
10796	101	robot10796	123456	司寇婷芝	4	53
10797	101	robot10797	123456	即墨华珊	3	53
10798	101	robot10798	123456	闻人翎	4	53
10799	101	robot10799	123456	计斌	4	53
10800	101	robot10800	123456	邹天荷	2	53
10801	101	robot10801	123456	甘玲	1	53
10802	101	robot10802	123456	易孤风	4	53
10803	101	robot10803	123456	朱行云	2	53
10804	101	robot10804	123456	逄玄静	1	53
10805	101	robot10805	123456	鞠英姑	3	53
10806	101	robot10806	123456	郎芷若	3	53
10807	101	robot10807	123456	家博雅	1	53
10808	101	robot10808	123456	曹瑜Z	3	53
10809	101	robot10809	123456	弘竺	4	53
10810	101	robot10810	123456	虞炜楠	1	53
10811	101	robot10811	123456	养梦馨	4	53
10812	101	robot10812	123456	成杉月	3	53
10813	101	robot10813	123456	邢以冬	2	53
10814	101	robot10814	123456	平绮彤	2	53
10815	101	robot10815	123456	澹台迎波	3	53
10816	101	robot10816	123456	阴芷蕾	3	53
10817	101	robot10817	123456	法恬然	3	53
10818	101	robot10818	123456	宰父金娥	3	54
10819	101	robot10819	123456	孟寄文	2	54
10820	101	robot10820	123456	袁青	4	54
10821	101	robot10821	123456	温幻香	1	54
10822	101	robot10822	123456	慎湘	4	54
10823	101	robot10823	123456	亓官筠心	4	54
10824	101	robot10824	123456	焦胜文	1	54
10825	101	robot10825	123456	夏寒天	3	54
10826	101	robot10826	123456	安涫	4	54
10827	101	robot10827	123456	鲍凤	3	54
10828	101	robot10828	123456	屈宛秋	4	54
10829	101	robot10829	123456	爱云淡	1	54
10830	101	robot10830	123456	惠娩	2	54
10831	101	robot10831	123456	管浩丽	4	54
10832	101	robot10832	123456	公玉雅诗	3	54
10833	101	robot10833	123456	东方乐儿	3	54
10834	101	robot10834	123456	秦真	4	54
10835	101	robot10835	123456	盖素	2	54
10836	101	robot10836	123456	竺怡	3	54
10837	101	robot10837	123456	逯芳	2	54
10838	101	robot10838	123456	解愫	4	54
10839	101	robot10839	123456	呼延妍雅	2	54
10840	101	robot10840	123456	陈钰h	2	54
10841	101	robot10841	123456	危俏美	2	54
10842	101	robot10842	123456	苍盼晴	4	54
10843	101	robot10843	123456	田纹	2	54
10844	101	robot10844	123456	郎若南	4	54
10845	101	robot10845	123456	席佳文	3	54
10846	101	robot10846	123456	薄心怡	1	54
10847	101	robot10847	123456	东郭秋月	2	55
10848	101	robot10848	123456	慎颜	1	55
10849	101	robot10849	123456	齐兰熙	3	55
10850	101	robot10850	123456	贯丘纹	1	55
10851	101	robot10851	123456	越以欣	2	55
10852	101	robot10852	123456	霍朝旭	2	55
10853	101	robot10853	123456	隙友易	1	55
10854	101	robot10854	123456	项醉卉	3	55
10855	101	robot10855	123456	汝采薇	2	55
10856	101	robot10856	123456	任瑶洁	1	55
10857	101	robot10857	123456	吕凝海	2	55
10858	101	robot10858	123456	田清涵	2	55
10859	101	robot10859	123456	佘芷巧	4	55
10860	101	robot10860	123456	逯语风	1	55
10861	101	robot10861	123456	仉督怡越	4	55
10862	101	robot10862	123456	易梓洁	3	55
10863	101	robot10863	123456	薄书易	3	55
10864	101	robot10864	123456	齐茜琼	2	55
10865	101	robot10865	123456	衡凡蕾	4	55
10866	101	robot10866	123456	宁彦芝	3	55
10867	101	robot10867	123456	高绮	1	55
10868	101	robot10868	123456	安怜阳	1	55
10869	101	robot10869	123456	米叶丰	4	55
10870	101	robot10870	123456	印灵槐	2	55
10871	101	robot10871	123456	温衫	2	55
10872	101	robot10872	123456	藤以晴	4	55
10873	101	robot10873	123456	左丘初珍 	3	55
10874	101	robot10874	123456	祁樱	3	55
10875	101	robot10875	123456	盖平春	1	55
10876	101	robot10876	123456	瞿隽巧	2	56
10877	101	robot10877	123456	皮月彤	2	56
10878	101	robot10878	123456	贡盼易	3	56
10879	101	robot10879	123456	端木一禾	3	56
10880	101	robot10880	123456	诸雅苘	2	56
10881	101	robot10881	123456	樊念烟	2	56
10882	101	robot10882	123456	农苑睐	4	56
10883	101	robot10883	123456	祁迎梦	3	56
10884	101	robot10884	123456	谢桐	3	56
10885	101	robot10885	123456	南荣忆然	4	56
10886	101	robot10886	123456	夏清	2	56
10887	101	robot10887	123456	金莆	1	56
10888	101	robot10888	123456	段干碧菡	1	56
10889	101	robot10889	123456	欧乐天	2	56
10890	101	robot10890	123456	言绫	1	56
10891	101	robot10891	123456	黄怡畅	2	56
10892	101	robot10892	123456	支不二	3	56
10893	101	robot10893	123456	申飞凤	4	56
10894	101	robot10894	123456	公孙晴画	2	56
10895	101	robot10895	123456	端木妍菲	3	56
10896	101	robot10896	123456	关春桃	4	56
10897	101	robot10897	123456	蓬从梦	3	56
10898	101	robot10898	123456	巴妍和	2	56
10899	101	robot10899	123456	衡清扬	3	56
10900	101	robot10900	123456	柳湘	4	56
10901	101	robot10901	123456	阙贝莉	1	56
10902	101	robot10902	123456	慕叶农	4	56
10903	101	robot10903	123456	能葶	1	56
10904	101	robot10904	123456	裴贝丽	2	56
10905	101	robot10905	123456	牛朝雨	1	57
10906	101	robot10906	123456	莫霁芸	4	57
10907	101	robot10907	123456	帅丽丽	1	57
10908	101	robot10908	123456	广觅山	4	57
10909	101	robot10909	123456	温芬馥	2	57
10910	101	robot10910	123456	巫马幼媛	2	57
10911	101	robot10911	123456	佘翎	1	57
10912	101	robot10912	123456	仉督羡丽	2	57
10913	101	robot10913	123456	皮紫	1	57
10914	101	robot10914	123456	袁朝旭	4	57
10915	101	robot10915	123456	严问筠	4	57
10916	101	robot10916	123456	公孙尔冬	3	57
10917	101	robot10917	123456	竺月辰	4	57
10918	101	robot10918	123456	关又槐	2	57
10919	101	robot10919	123456	郭湘云	1	57
10920	101	robot10920	123456	符芷	4	57
10921	101	robot10921	123456	米婉婷	3	57
10922	101	robot10922	123456	桓淑颖	1	57
10923	101	robot10923	123456	石晓蓝	4	57
10924	101	robot10924	123456	西门菁菁	2	57
10925	101	robot10925	123456	姚欣可	2	57
10926	101	robot10926	123456	饶惠媛	1	57
10927	101	robot10927	123456	东宫嫣	1	57
10928	101	robot10928	123456	伊飞莲	3	57
10929	101	robot10929	123456	姜妙琦	2	57
10930	101	robot10930	123456	荆玄穆	4	57
10931	101	robot10931	123456	上官婧馨	4	57
10932	101	robot10932	123456	柳茗茶	1	57
10933	101	robot10933	123456	束紫蓝	3	58
10934	101	robot10934	123456	阳元菱	3	58
10935	101	robot10935	123456	羊舌晨旭	1	58
10936	101	robot10936	123456	都优悦	1	58
10937	101	robot10937	123456	钟L莹	2	58
10938	101	robot10938	123456	颛孙玲	4	58
10939	101	robot10939	123456	暴淑颖	3	58
10940	101	robot10940	123456	东艳	4	58
10941	101	robot10941	123456	郁吉月	3	58
10942	101	robot10942	123456	幸采波	3	58
10943	101	robot10943	123456	衡笛韵	2	58
10944	101	robot10944	123456	韩恬然	3	58
10945	101	robot10945	123456	仇映易	4	58
10946	101	robot10946	123456	沙平春	3	58
10947	101	robot10947	123456	凤采文	4	58
10948	101	robot10948	123456	姬藏花	1	58
10949	101	robot10949	123456	东惜香	4	58
10950	101	robot10950	123456	杭利晓	2	58
10951	101	robot10951	123456	辛融雪	2	58
10952	101	robot10952	123456	厍芷	1	58
10953	101	robot10953	123456	汪蕴美	2	58
10954	101	robot10954	123456	司寇筝	4	58
10955	101	robot10955	123456	方慧婕	2	58
10956	101	robot10956	123456	褚师锵锵	2	58
10957	101	robot10957	123456	缪亦媛	1	58
10958	101	robot10958	123456	束初蓝	2	58
10959	101	robot10959	123456	武筠萍	2	58
10960	101	robot10960	123456	危琼诗	4	58
10961	101	robot10961	123456	寇沛儿	1	58
10962	101	robot10962	123456	竺于竹	2	59
10963	101	robot10963	123456	燕冰之	4	59
10964	101	robot10964	123456	蒲乐双	3	59
10965	101	robot10965	123456	明书萱	4	59
10966	101	robot10966	123456	南门忆柳	4	59
10967	101	robot10967	123456	查雨菲	4	59
10968	101	robot10968	123456	司寇绿兰	1	59
10969	101	robot10969	123456	师泗桐	3	59
10970	101	robot10970	123456	桓欣静	2	59
10971	101	robot10971	123456	井叶吉	2	59
10972	101	robot10972	123456	曹美曼	4	59
10973	101	robot10973	123456	邵沂	3	59
10974	101	robot10974	123456	法妍琦	1	59
10975	101	robot10975	123456	虞秀丽	3	59
10976	101	robot10976	123456	有元芹	2	59
10977	101	robot10977	123456	夏侯芾	3	59
10978	101	robot10978	123456	索芷珊	1	59
10979	101	robot10979	123456	越芮	1	59
10980	101	robot10980	123456	郝渝茜	2	59
10981	101	robot10981	123456	扈子萱	4	59
10982	101	robot10982	123456	王明煦	1	59
10983	101	robot10983	123456	雍莎玲	1	59
10984	101	robot10984	123456	郏柔怀	3	59
10985	101	robot10985	123456	沙书仪	1	59
10986	101	robot10986	123456	文南晴	1	59
10987	101	robot10987	123456	赏宜然	4	59
10988	101	robot10988	123456	卓赞悦	3	59
10989	101	robot10989	123456	闻子亦	2	59
10990	101	robot10990	123456	竺凌香	2	59
10991	101	robot10991	123456	岳书易	1	60
10992	101	robot10992	123456	白冰菱	4	60
10993	101	robot10993	123456	贲香梅	3	60
10994	101	robot10994	123456	连婉婷	3	60
10995	101	robot10995	123456	邰颖	2	60
10996	101	robot10996	123456	费羿渡	4	60
10997	101	robot10997	123456	裘良才	2	60
10998	101	robot10998	123456	子桑雅彤	4	60
10999	101	robot10999	123456	言翠巧	4	60
11000	101	robot11000	123456	鲜于芸	2	60
