#榜单	机器人id	机器人排名
ranktype	id	pos
1	11000	5
1	10999	7
1	10998	8
1	10997	1
1	10996	6
1	10995	9
1	10994	10
1	10993	3
1	10992	2
1	10991	4
1	10990	11
1	10989	12
1	10988	13
1	10987	14
1	10986	15
1	10985	16
1	10984	17
1	10983	18
1	10982	19
1	10981	20
1	10980	21
1	10979	22
1	10978	23
1	10977	24
1	10976	25
1	10975	26
1	10974	27
1	10973	28
1	10972	29
1	10971	30
1	10970	31
1	10969	32
1	10968	33
1	10967	34
1	10966	35
1	10965	36
1	10964	37
1	10963	38
1	10962	39
1	10961	40
1	10960	41
1	10959	42
1	10958	43
1	10957	44
1	10956	45
1	10955	46
1	10954	47
1	10953	48
1	10952	49
1	10951	50
1	10950	51
1	10948	52
1	10946	53
1	10944	54
1	10942	55
1	10940	56
1	10938	57
1	10936	58
1	10934	59
1	10932	60
1	10930	61
1	10928	62
1	10926	63
1	10924	64
1	10922	65
1	10920	66
1	10918	67
1	10916	68
1	10914	69
1	10912	70
1	10910	71
1	10908	72
1	10906	73
1	10904	74
1	10902	75
1	10900	76
1	10898	77
1	10896	78
1	10894	79
1	10892	80
1	10890	81
1	10888	82
1	10886	83
1	10884	84
1	10882	85
1	10880	86
1	10878	87
1	10876	88
1	10874	89
1	10872	90
1	10870	91
1	10868	92
1	10866	93
1	10864	94
1	10862	95
1	10860	96
1	10858	97
1	10856	98
1	10854	99
1	10852	100
1	10850	101
1	10847	102
1	10844	103
1	10841	104
1	10838	105
1	10835	106
1	10832	107
1	10829	108
1	10826	109
1	10823	110
1	10820	111
1	10817	112
1	10814	113
1	10811	114
1	10808	115
1	10805	116
1	10802	117
1	10799	118
1	10796	119
1	10793	120
1	10790	121
1	10787	122
1	10784	123
1	10781	124
1	10778	125
1	10775	126
1	10772	127
1	10769	128
1	10766	129
1	10763	130
1	10760	131
1	10757	132
1	10754	133
1	10751	134
1	10748	135
1	10745	136
1	10742	137
1	10739	138
1	10736	139
1	10733	140
1	10730	141
1	10727	142
1	10724	143
1	10721	144
1	10718	145
1	10715	146
1	10712	147
1	10709	148
1	10706	149
1	10703	150
1	10700	151
1	10696	152
1	10692	153
1	10688	154
1	10684	155
1	10680	156
1	10676	157
1	10672	158
1	10668	159
1	10664	160
1	10660	161
1	10656	162
1	10652	163
1	10648	164
1	10644	165
1	10640	166
1	10636	167
1	10632	168
1	10628	169
1	10624	170
1	10620	171
1	10616	172
1	10612	173
1	10608	174
1	10604	175
1	10600	176
1	10596	177
1	10592	178
1	10588	179
1	10584	180
1	10580	181
1	10576	182
1	10572	183
1	10568	184
1	10564	185
1	10560	186
1	10556	187
1	10552	188
1	10548	189
1	10544	190
1	10540	195
1	10536	192
1	10532	196
1	10528	200
1	10524	199
1	10520	197
1	10516	191
1	10512	193
1	10508	198
1	10504	194
2	11000	3
2	10999	4
2	10998	7
2	10997	2
2	10996	9
2	10995	5
2	10994	1
2	10993	8
2	10992	6
2	10991	10
2	10990	11
2	10989	12
2	10988	13
2	10987	14
2	10986	15
2	10985	16
2	10984	17
2	10983	18
2	10982	19
2	10981	20
2	10980	21
2	10979	22
2	10978	23
2	10977	24
2	10976	25
2	10975	26
2	10974	27
2	10973	28
2	10972	29
2	10971	30
2	10970	31
2	10969	32
2	10968	33
2	10967	34
2	10966	35
2	10965	36
2	10964	37
2	10963	38
2	10962	39
2	10961	40
2	10960	41
2	10959	42
2	10958	43
2	10957	44
2	10956	45
2	10955	46
2	10954	47
2	10953	48
2	10952	49
2	10951	50
2	10950	51
2	10948	52
2	10946	53
2	10944	54
2	10942	55
2	10940	56
2	10938	57
2	10936	58
2	10934	59
2	10932	60
2	10930	61
2	10928	62
2	10926	63
2	10924	64
2	10922	65
2	10920	66
2	10918	67
2	10916	68
2	10914	69
2	10912	70
2	10910	71
2	10908	72
2	10906	73
2	10904	74
2	10902	75
2	10900	76
2	10898	77
2	10896	78
2	10894	79
2	10892	80
2	10890	81
2	10888	82
2	10886	83
2	10884	84
2	10882	85
2	10880	86
2	10878	87
2	10876	88
2	10874	89
2	10872	90
2	10870	91
2	10868	92
2	10866	93
2	10864	94
2	10862	95
2	10860	96
2	10858	97
2	10856	98
2	10854	99
2	10852	100
2	10850	101
2	10847	102
2	10844	103
2	10841	104
2	10838	105
2	10835	106
2	10832	107
2	10829	108
2	10826	109
2	10823	110
2	10820	111
2	10817	112
2	10814	113
2	10811	114
2	10808	115
2	10805	116
2	10802	117
2	10799	118
2	10796	119
2	10793	120
2	10790	121
2	10787	122
2	10784	123
2	10781	124
2	10778	125
2	10775	126
2	10772	127
2	10769	128
2	10766	129
2	10763	130
2	10760	131
2	10757	132
2	10754	133
2	10751	134
2	10748	135
2	10745	136
2	10742	137
2	10739	138
2	10736	139
2	10733	140
2	10730	141
2	10727	142
2	10724	143
2	10721	144
2	10718	145
2	10715	146
2	10712	147
2	10709	148
2	10706	149
2	10703	150
2	10700	151
2	10696	152
2	10692	153
2	10688	154
2	10684	155
2	10680	156
2	10676	157
2	10672	158
2	10668	159
2	10664	160
2	10660	161
2	10656	162
2	10652	163
2	10648	164
2	10644	165
2	10640	166
2	10636	167
2	10632	168
2	10628	169
2	10624	170
2	10620	171
2	10616	172
2	10612	173
2	10608	174
2	10604	175
2	10600	176
2	10596	177
2	10592	178
2	10588	179
2	10584	180
2	10580	181
2	10576	182
2	10572	183
2	10568	184
2	10564	185
2	10560	186
2	10556	187
2	10552	188
2	10548	189
2	10544	190
2	10540	191
2	10536	192
2	10532	193
2	10528	194
2	10524	195
2	10520	196
2	10516	197
2	10512	198
2	10508	199
2	10504	200
3	11000	2
3	10999	3
3	10998	1
3	10997	7
3	10996	4
3	10995	6
3	10994	8
3	10993	5
3	10992	9
3	10991	10
3	10990	11
3	10989	12
3	10988	13
3	10987	14
3	10986	15
3	10985	16
3	10984	17
3	10983	18
3	10982	19
3	10981	20
3	10980	21
3	10979	22
3	10978	23
3	10977	24
3	10976	25
3	10975	26
3	10974	27
3	10973	28
3	10972	29
3	10971	30
3	10970	31
3	10969	32
3	10968	33
3	10967	34
3	10966	35
3	10965	36
3	10964	37
3	10963	38
3	10962	39
3	10961	40
3	10960	41
3	10959	42
3	10958	43
3	10957	44
3	10956	45
3	10955	46
3	10954	47
3	10953	48
3	10952	49
3	10951	50
3	10950	51
3	10948	52
3	10946	53
3	10944	54
3	10942	55
3	10940	56
3	10938	57
3	10936	58
3	10934	59
3	10932	60
3	10930	61
3	10928	62
3	10926	63
3	10924	64
3	10922	65
3	10920	66
3	10918	67
3	10916	68
3	10914	69
3	10912	70
3	10910	71
3	10908	72
3	10906	73
3	10904	74
3	10902	75
3	10900	76
3	10898	77
3	10896	78
3	10894	79
3	10892	80
3	10890	81
3	10888	82
3	10886	83
3	10884	84
3	10882	85
3	10880	86
3	10878	87
3	10876	88
3	10874	89
3	10872	90
3	10870	91
3	10868	92
3	10866	93
3	10864	94
3	10862	95
3	10860	96
3	10858	97
3	10856	98
3	10854	99
3	10852	100
3	10850	101
3	10847	102
3	10844	103
3	10841	104
3	10838	105
3	10835	106
3	10832	107
3	10829	108
3	10826	109
3	10823	110
3	10820	111
3	10817	112
3	10814	113
3	10811	114
3	10808	115
3	10805	116
3	10802	117
3	10799	118
3	10796	119
3	10793	120
3	10790	121
3	10787	122
3	10784	123
3	10781	124
3	10778	125
3	10775	126
3	10772	127
3	10769	128
3	10766	129
3	10763	130
3	10760	131
3	10757	132
3	10754	133
3	10751	134
3	10748	135
3	10745	136
3	10742	137
3	10739	138
3	10736	139
3	10733	140
3	10730	141
3	10727	142
3	10724	143
3	10721	144
3	10718	145
3	10715	146
3	10712	147
3	10709	148
3	10706	149
3	10703	150
3	10700	151
3	10696	152
3	10692	153
3	10688	154
3	10684	155
3	10680	156
3	10676	157
3	10672	158
3	10668	159
3	10664	160
3	10660	161
3	10656	162
3	10652	163
3	10648	164
3	10644	165
3	10640	166
3	10636	167
3	10632	168
3	10628	169
3	10624	170
3	10620	171
3	10616	172
3	10612	173
3	10608	174
3	10604	175
3	10600	176
3	10596	177
3	10592	178
3	10588	179
3	10584	180
3	10580	181
3	10576	182
3	10572	183
3	10568	184
3	10564	185
3	10560	186
3	10556	187
3	10552	188
3	10548	189
3	10544	190
3	10540	191
3	10536	192
3	10532	193
3	10528	194
3	10524	195
3	10520	196
3	10516	197
3	10512	198
3	10508	199
3	10504	200
4	11000	1
4	10999	6
4	10998	4
4	10997	2
4	10996	7
4	10995	3
4	10994	5
4	10993	8
4	10992	10
4	10991	9
4	10990	11
4	10989	12
4	10988	13
4	10987	14
4	10986	15
4	10985	16
4	10984	17
4	10983	18
4	10982	19
4	10981	20
4	10980	21
4	10979	22
4	10978	23
4	10977	24
4	10976	25
4	10975	26
4	10974	27
4	10973	28
4	10972	29
4	10971	30
4	10970	31
4	10969	32
4	10968	33
4	10967	34
4	10966	35
4	10965	36
4	10964	37
4	10963	38
4	10962	39
4	10961	40
4	10960	41
4	10959	42
4	10958	43
4	10957	44
4	10956	45
4	10955	46
4	10954	47
4	10953	48
4	10952	49
4	10951	50
4	10950	51
4	10948	52
4	10946	53
4	10944	54
4	10942	55
4	10940	56
4	10938	57
4	10936	58
4	10934	59
4	10932	60
4	10930	61
4	10928	62
4	10926	63
4	10924	64
4	10922	65
4	10920	66
4	10918	67
4	10916	68
4	10914	69
4	10912	70
4	10910	71
4	10908	72
4	10906	73
4	10904	74
4	10902	75
4	10900	76
4	10898	77
4	10896	78
4	10894	79
4	10892	80
4	10890	81
4	10888	82
4	10886	83
4	10884	84
4	10882	85
4	10880	86
4	10878	87
4	10876	88
4	10874	89
4	10872	90
4	10870	91
4	10868	92
4	10866	93
4	10864	94
4	10862	95
4	10860	96
4	10858	97
4	10856	98
4	10854	99
4	10852	100
4	10850	101
4	10847	102
4	10844	103
4	10841	104
4	10838	105
4	10835	106
4	10832	107
4	10829	108
4	10826	109
4	10823	110
4	10820	111
4	10817	112
4	10814	113
4	10811	114
4	10808	115
4	10805	116
4	10802	117
4	10799	118
4	10796	119
4	10793	120
4	10790	121
4	10787	122
4	10784	123
4	10781	124
4	10778	125
4	10775	126
4	10772	127
4	10769	128
4	10766	129
4	10763	130
4	10760	131
4	10757	132
4	10754	133
4	10751	134
4	10748	135
4	10745	136
4	10742	137
4	10739	138
4	10736	139
4	10733	140
4	10730	141
4	10727	142
4	10724	143
4	10721	144
4	10718	145
4	10715	146
4	10712	147
4	10709	148
4	10706	149
4	10703	150
4	10700	151
4	10696	152
4	10692	153
4	10688	154
4	10684	155
4	10680	156
4	10676	157
4	10672	158
4	10668	159
4	10664	160
4	10660	161
4	10656	162
4	10652	163
4	10648	164
4	10644	165
4	10640	166
4	10636	167
4	10632	168
4	10628	169
4	10624	170
4	10620	171
4	10616	172
4	10612	173
4	10608	174
4	10604	175
4	10600	176
4	10596	177
4	10592	178
4	10588	179
4	10584	180
4	10580	181
4	10576	182
4	10572	183
4	10568	184
4	10564	185
4	10560	186
4	10556	187
4	10552	188
4	10548	189
4	10544	190
4	10540	191
4	10536	192
4	10532	193
4	10528	194
4	10524	195
4	10520	196
4	10516	197
4	10512	198
4	10508	199
4	10504	200
5	11000	5
5	10999	10
5	10998	1
5	10997	7
5	10996	6
5	10995	3
5	10994	2
5	10993	9
5	10992	4
5	10991	8
5	10990	11
5	10989	12
5	10988	13
5	10987	14
5	10986	15
5	10985	16
5	10984	17
5	10983	18
5	10982	19
5	10981	20
5	10980	21
5	10979	22
5	10978	23
5	10977	24
5	10976	25
5	10975	26
5	10974	27
5	10973	28
5	10972	29
5	10971	30
5	10970	31
5	10969	32
5	10968	33
5	10967	34
5	10966	35
5	10965	36
5	10964	37
5	10963	38
5	10962	39
5	10961	40
5	10960	41
5	10959	42
5	10958	43
5	10957	44
5	10956	45
5	10955	46
5	10954	47
5	10953	48
5	10952	49
5	10951	50
5	10950	51
5	10948	52
5	10946	53
5	10944	54
5	10942	55
5	10940	56
5	10938	57
5	10936	58
5	10934	59
5	10932	60
5	10930	61
5	10928	62
5	10926	63
5	10924	64
5	10922	65
5	10920	66
5	10918	67
5	10916	68
5	10914	69
5	10912	70
5	10910	71
5	10908	72
5	10906	73
5	10904	74
5	10902	75
5	10900	76
5	10898	77
5	10896	78
5	10894	79
5	10892	80
5	10890	81
5	10888	82
5	10886	83
5	10884	84
5	10882	85
5	10880	86
5	10878	87
5	10876	88
5	10874	89
5	10872	90
5	10870	91
5	10868	92
5	10866	93
5	10864	94
5	10862	95
5	10860	96
5	10858	97
5	10856	98
5	10854	99
5	10852	100
5	10850	101
5	10847	102
5	10844	103
5	10841	104
5	10838	105
5	10835	106
5	10832	107
5	10829	108
5	10826	109
5	10823	110
5	10820	111
5	10817	112
5	10814	113
5	10811	114
5	10808	115
5	10805	116
5	10802	117
5	10799	118
5	10796	119
5	10793	120
5	10790	121
5	10787	122
5	10784	123
5	10781	124
5	10778	125
5	10775	126
5	10772	127
5	10769	128
5	10766	129
5	10763	130
5	10760	131
5	10757	132
5	10754	133
5	10751	134
5	10748	135
5	10745	136
5	10742	137
5	10739	138
5	10736	139
5	10733	140
5	10730	141
5	10727	142
5	10724	143
5	10721	144
5	10718	145
5	10715	146
5	10712	147
5	10709	148
5	10706	149
5	10703	150
5	10700	151
5	10696	152
5	10692	153
5	10688	154
5	10684	155
5	10680	156
5	10676	157
5	10672	158
5	10668	159
5	10664	160
5	10660	161
5	10656	162
5	10652	163
5	10648	164
5	10644	165
5	10640	166
5	10636	167
5	10632	168
5	10628	169
5	10624	170
5	10620	171
5	10616	172
5	10612	173
5	10608	174
5	10604	175
5	10600	176
5	10596	177
5	10592	178
5	10588	179
5	10584	180
5	10580	181
5	10576	182
5	10572	183
5	10568	184
5	10564	185
5	10560	186
5	10556	187
5	10552	188
5	10548	189
5	10544	190
5	10540	191
5	10536	192
5	10532	193
5	10528	194
5	10524	195
5	10520	196
5	10516	197
5	10512	198
5	10508	199
5	10504	200
6	11000	4
6	10999	7
6	10998	5
6	10997	8
6	10996	1
6	10995	3
6	10994	6
6	10993	2
6	10992	10
6	10991	9
6	10990	11
6	10989	12
6	10988	13
6	10987	14
6	10986	15
6	10985	16
6	10984	17
6	10983	18
6	10982	19
6	10981	20
6	10980	21
6	10979	22
6	10978	23
6	10977	24
6	10976	25
6	10975	26
6	10974	27
6	10973	28
6	10972	29
6	10971	30
6	10970	31
6	10969	32
6	10968	33
6	10967	34
6	10966	35
6	10965	36
6	10964	37
6	10963	38
6	10962	39
6	10961	40
6	10960	41
6	10959	42
6	10958	43
6	10957	44
6	10956	45
6	10955	46
6	10954	47
6	10953	48
6	10952	49
6	10951	50
6	10950	51
6	10948	52
6	10946	53
6	10944	54
6	10942	55
6	10940	56
6	10938	57
6	10936	58
6	10934	59
6	10932	60
6	10930	61
6	10928	62
6	10926	63
6	10924	64
6	10922	65
6	10920	66
6	10918	67
6	10916	68
6	10914	69
6	10912	70
6	10910	71
6	10908	72
6	10906	73
6	10904	74
6	10902	75
6	10900	76
6	10898	77
6	10896	78
6	10894	79
6	10892	80
6	10890	81
6	10888	82
6	10886	83
6	10884	84
6	10882	85
6	10880	86
6	10878	87
6	10876	88
6	10874	89
6	10872	90
6	10870	91
6	10868	92
6	10866	93
6	10864	94
6	10862	95
6	10860	96
6	10858	97
6	10856	98
6	10854	99
6	10852	100
6	10850	101
6	10847	102
6	10844	103
6	10841	104
6	10838	105
6	10835	106
6	10832	107
6	10829	108
6	10826	109
6	10823	110
6	10820	111
6	10817	112
6	10814	113
6	10811	114
6	10808	115
6	10805	116
6	10802	117
6	10799	118
6	10796	119
6	10793	120
6	10790	121
6	10787	122
6	10784	123
6	10781	124
6	10778	125
6	10775	126
6	10772	127
6	10769	128
6	10766	129
6	10763	130
6	10760	131
6	10757	132
6	10754	133
6	10751	134
6	10748	135
6	10745	136
6	10742	137
6	10739	138
6	10736	139
6	10733	140
6	10730	141
6	10727	142
6	10724	143
6	10721	144
6	10718	145
6	10715	146
6	10712	147
6	10709	148
6	10706	149
6	10703	150
6	10700	151
6	10696	152
6	10692	153
6	10688	154
6	10684	155
6	10680	156
6	10676	157
6	10672	158
6	10668	159
6	10664	160
6	10660	161
6	10656	162
6	10652	163
6	10648	164
6	10644	165
6	10640	166
6	10636	167
6	10632	168
6	10628	169
6	10624	170
6	10620	171
6	10616	172
6	10612	173
6	10608	174
6	10604	175
6	10600	176
6	10596	177
6	10592	178
6	10588	179
6	10584	180
6	10580	181
6	10576	182
6	10572	183
6	10568	184
6	10564	185
6	10560	186
6	10556	187
6	10552	188
6	10548	189
6	10544	190
6	10540	191
6	10536	192
6	10532	193
6	10528	194
6	10524	195
6	10520	196
6	10516	197
6	10512	198
6	10508	199
6	10504	200
