#id	类型 1：随机战斗 2：怪物事件 3：加血 4：宝箱事件 5：Boss	组(宝箱掉落组ID组、怪物mapID组、加血百分比组)
id	type	group
38041001	1	18050101;18050102;18050103;18050104;18050105
38041002	1	18050201;18050202;18050203;18050204;18050205
38041003	1	18050301;18050302;18050303;18050304;18050305
38041004	1	18050401;18050402;18050403;18050404;18050405
38041005	1	18050501;18050502;18050503;18050504;18050505
38041006	1	18050601;18050602;18050603;18050604;18050605
38041007	1	18050701;18050702;18050703;18050704;18050705
38041008	1	18050801;18050802;18050803;18050804;18050805
38041009	1	18050901;18050902;18050903;18050904;18050905
38041010	1	18051001;18051002;18051003;18051004;18051005
38041011	1	18051101;18051102;18051103;18051104;18051105
38041012	1	18051201;18051202;18051203;18051204;18051205
38041013	1	18051301;18051302;18051303;18051304;18051305
38041014	1	18051401;18051402;18051403;18051404;18051405
38041015	1	18051501;18051502;18051503;18051504;18051505
38041016	1	18051601;18051602;18051603;18051604;18051605
38041017	1	18051701;18051702;18051703;18051704;18051705
38041018	1	18051801;18051802;18051803;18051804;18051805
38041019	1	18051901;18051902;18051903;18051904;18051905
38041020	1	18052001;18052002;18052003;18052004;18052005
38041021	1	18052101;18052102;18052103;18052104;18052105
38041022	1	18052201;18052202;18052203;18052204;18052205
38041023	1	18052301;18052302;18052303;18052304;18052305
38041024	1	18052401;18052402;18052403;18052404;18052405
38041025	1	18052501;18052502;18052503;18052504;18052505
38041026	1	18052601;18052602;18052603;18052604;18052605
38041027	1	18052701;18052702;18052703;18052704;18052705
38041028	1	18052801;18052802;18052803;18052804;18052805
38041029	1	18052901;18052902;18052903;18052904;18052905
38041030	1	18053001;18053002;18053003;18053004;18053005
38041031	1	18053101;18053102;18053103;18053104;18053105
38041032	1	18053201;18053202;18053203;18053204;18053205
38041033	1	18053301;18053302;18053303;18053304;18053305
38041034	1	18053401;18053402;18053403;18053404;18053405
38041035	1	18053501;18053502;18053503;18053504;18053505
38041036	1	18053601;18053602;18053603;18053604;18053605
38041037	1	18053701;18053702;18053703;18053704;18053705
38041038	1	18053801;18053802;18053803;18053804;18053805
38041039	1	18053901;18053902;18053903;18053904;18053905
#		
38042001	2	18050106;18050107;18050108;18050109;18050110
38042002	2	18050206;18050207;18050208;18050209;18050210
38042003	2	18050306;18050307;18050308;18050309;18050310
38042004	2	18050406;18050407;18050408;18050409;18050410
38042005	2	18050506;18050507;18050508;18050509;18050510
38042006	2	18050606;18050607;18050608;18050609;18050610
38042007	2	18050706;18050707;18050708;18050709;18050710
38042008	2	18050806;18050807;18050808;18050809;18050810
38042009	2	18050906;18050907;18050908;18050909;18050910
38042010	2	18051006;18051007;18051008;18051009;18051010
38042011	2	18051106;18051107;18051108;18051109;18051110
38042012	2	18051206;18051207;18051208;18051209;18051210
38042013	2	18051306;18051307;18051308;18051309;18051310
38042014	2	18051406;18051407;18051408;18051409;18051410
38042015	2	18051506;18051507;18051508;18051509;18051510
38042016	2	18051606;18051607;18051608;18051609;18051610
38042017	2	18051706;18051707;18051708;18051709;18051710
38042018	2	18051806;18051807;18051808;18051809;18051810
38042019	2	18051906;18051907;18051908;18051909;18051910
38042020	2	18052006;18052007;18052008;18052009;18052010
38042021	2	18052106;18052107;18052108;18052109;18052110
38042022	2	18052206;18052207;18052208;18052209;18052210
38042023	2	18052306;18052307;18052308;18052309;18052310
38042024	2	18052406;18052407;18052408;18052409;18052410
38042025	2	18052506;18052507;18052508;18052509;18052510
38042026	2	18052606;18052607;18052608;18052609;18052610
38042027	2	18052706;18052707;18052708;18052709;18052710
38042028	2	18052806;18052807;18052808;18052809;18052810
38042029	2	18052906;18052907;18052908;18052909;18052910
38042030	2	18053006;18053007;18053008;18053009;18053010
38042031	2	18053106;18053107;18053108;18053109;18053110
38042032	2	18053206;18053207;18053208;18053209;18053210
38042033	2	18053306;18053307;18053308;18053309;18053310
38042034	2	18053406;18053407;18053408;18053409;18053410
38042035	2	18053506;18053507;18053508;18053509;18053510
38042036	2	18053606;18053607;18053608;18053609;18053610
38042037	2	18053706;18053707;18053708;18053709;18053710
38042038	2	18053806;18053807;18053808;18053809;18053810
38042039	2	18053906;18053907;18053908;18053909;18053910
#		
38043001	3	30;40;50
38043002	3	30;40;50
38043003	3	30;40;50
38043004	3	30;40;50
38043005	3	30;40;50
38043006	3	30;40;50
38043007	3	30;40;50
38043008	3	30;40;50
38043009	3	30;40;50
38043010	3	30;40;50
38043011	3	30;40;50
38043012	3	30;40;50
38043013	3	30;40;50
38043014	3	30;40;50
38043015	3	30;40;50
38043016	3	30;40;50
38043017	3	30;40;50
38043018	3	30;40;50
38043019	3	30;40;50
38043020	3	30;40;50
38043021	3	30;40;50
38043022	3	30;40;50
38043023	3	30;40;50
38043024	3	30;40;50
38043025	3	30;40;50
38043026	3	30;40;50
38043027	3	30;40;50
38043028	3	30;40;50
38043029	3	30;40;50
38043030	3	30;40;50
38043031	3	30;40;50
38043032	3	30;40;50
38043033	3	30;40;50
38043034	3	30;40;50
38043035	3	30;40;50
38043036	3	30;40;50
38043037	3	30;40;50
38043038	3	30;40;50
38043039	3	30;40;50
#		
38044001	4	22082110
38044002	4	22082110
38044003	4	22082120
38044004	4	22082120
38044005	4	22082130
38044006	4	22082130
38044007	4	22082130
38044008	4	22082210
38044009	4	22082210
38044010	4	22082220
38044011	4	22082220
38044012	4	22082220
38044013	4	22082230
38044014	4	22082230
38044015	4	22082230
38044016	4	22082240
38044017	4	22082240
38044018	4	22082240
38044019	4	22082250
38044020	4	22082250
38044021	4	22082250
38044022	4	22082250
38044023	4	22082310
38044024	4	22082310
38044025	4	22082310
38044026	4	22082320
38044027	4	22082320
38044028	4	22082320
38044029	4	22082330
38044030	4	22082330
38044031	4	22082330
38044032	4	22082340
38044033	4	22082340
38044034	4	22082340
38044035	4	22082340
38044036	4	22082350
38044037	4	22082350
38044038	4	22082350
38044039	4	22082350
#		
38045001	5	18050191;18050192;18050193;18050194;18050195
38045002	5	18050291;18050292;18050293;18050294;18050295
38045003	5	18050391;18050392;18050393;18050394;18050395
38045004	5	18050491;18050492;18050493;18050494;18050495
38045005	5	18050591;18050592;18050593;18050594;18050595
38045006	5	18050691;18050692;18050693;18050694;18050695
38045007	5	18050791;18050792;18050793;18050794;18050795
38045008	5	18050891;18050892;18050893;18050894;18050895
38045009	5	18050991;18050992;18050993;18050994;18050995
38045010	5	18051091;18051092;18051093;18051094;18051095
38045011	5	18051191;18051192;18051193;18051194;18051195
38045012	5	18051291;18051292;18051293;18051294;18051295
38045013	5	18051391;18051392;18051393;18051394;18051395
38045014	5	18051491;18051492;18051493;18051494;18051495
38045015	5	18051591;18051592;18051593;18051594;18051595
38045016	5	18051691;18051692;18051693;18051694;18051695
38045017	5	18051791;18051792;18051793;18051794;18051795
38045018	5	18051891;18051892;18051893;18051894;18051895
38045019	5	18051991;18051992;18051993;18051994;18051995
38045020	5	18052091;18052092;18052093;18052094;18052095
38045021	5	18052191;18052192;18052193;18052194;18052195
38045022	5	18052291;18052292;18052293;18052294;18052295
38045023	5	18052391;18052392;18052393;18052394;18052395
38045024	5	18052491;18052492;18052493;18052494;18052495
38045025	5	18052591;18052592;18052593;18052594;18052595
38045026	5	18052691;18052692;18052693;18052694;18052695
38045027	5	18052791;18052792;18052793;18052794;18052795
38045028	5	18052891;18052892;18052893;18052894;18052895
38045029	5	18052991;18052992;18052993;18052994;18052995
38045030	5	18053091;18053092;18053093;18053094;18053095
38045031	5	18053191;18053192;18053193;18053194;18053195
38045032	5	18053291;18053292;18053293;18053294;18053295
38045033	5	18053391;18053392;18053393;18053394;18053395
38045034	5	18053491;18053492;18053493;18053494;18053495
38045035	5	18053591;18053592;18053593;18053594;18053595
38045036	5	18053691;18053692;18053693;18053694;18053695
38045037	5	18053791;18053792;18053793;18053794;18053795
38045038	5	18053891;18053892;18053893;18053894;18053895
38045039	5	18053991;18053992;18053993;18053994;18053995
