#道具ID（全局唯一 但不要超过14位）	道具名称（客户端用来显示）	icon	描述	初始等级	道具主类型（类型配置见【道具配置说明.txt】）	道具子类型	品质	武将限制	职业限制	等级限制	售卖货币类型(AssetType)	出售	幸运市场价值（幸运值）	竞技市场中的价格（竞技点）	物理攻击最小值	物理攻击最大值	物理防御最小值	物理防御最大值	法术攻击最小值	法术攻击最大值	法术防御最小值	法术防御最大值	生命最小值	生命最大值	熔炼消耗	精炼消耗	"掉落关卡id（,分隔）"	掉落关卡text（;分隔）	最大成长度
id	name	icon	describe	level	classify	type	quality	reqrole	reqjob	reqlevel	sellmoneytype	sellprice	luckyprice	arenaprice	minphyatk	maxphyatk	minphydef	maxphydef	minmgcatk	maxmgcatk	minmgcdef	maxmgcdef	minhp	maxhp	meltcost	refinecost	dropid	droptext	maxgrow
17030050	九品龙胆	wqjz01.png	1级绿色近战武器	1	1	1	1	0	1	1	2	100	1	1	426	469	42	46	0	0	0	0	0	0	10000	0	18020101	试炼1-1掉落	80
17030051	九品龙胆	wqjz01.png	1级蓝色近战武器	1	1	1	2	0	1	1	2	150	1	1	511	562	51	56	0	0	0	0	0	0	50000	0	18020101	试炼1-1掉落	130
17030052	九品龙胆+	wqjz01.png	1级蓝色+1近战武器	1	1	1	3	0	1	1	2	200	1	1	614	675	61	67	0	0	0	0	0	0	80000	0	18020101	试炼1-1掉落	180
17030053	九品龙胆	wqjz01.png	1级紫色近战武器	1	1	1	4	0	1	1	2	250	1	1	732	883	73	88	0	0	0	0	0	0	100000	0	18020101	试炼1-1掉落	230
17030054	九品龙胆+	wqjz01.png	1级紫色+1近战武器	1	1	1	5	0	1	1	2	500	1	1	975	1137	97	113	0	0	0	0	0	0	150000	0	18020101	试炼1-1掉落	280
17030055	九品龙胆	wqjz01.png	1级橙色近战武器	1	1	1	6	0	1	1	2	1000	1	1	1241	1419	124	141	0	0	0	0	0	0	0	200000	18020101	试炼1-1掉落	330
17030056	九品龙胆+	wqjz01.png	1级橙色+1近战武器	1	1	1	7	0	1	1	2	5000	1	1	1545	1736	154	173	0	0	0	0	0	0	0	300000	18020101	试炼1-1掉落	380
17030057	九品易经	wqms01.png	1级绿色谋士武器	1	1	3	1	0	3	1	2	100	1	1	0	0	0	0	525	576	0	0	0	0	10000	0	18020106	试炼1-6掉落	80
17030058	九品易经	wqms01.png	1级蓝色谋士武器	1	1	3	2	0	3	1	2	150	1	1	0	0	0	0	630	691	0	0	0	0	50000	0	18020106	试炼1-6掉落	130
17030059	九品易经+	wqms01.png	1级蓝色+1谋士武器	1	1	3	3	0	3	1	2	200	1	1	0	0	0	0	756	830	0	0	0	0	80000	0	18020106	试炼1-6掉落	180
17030060	九品易经	wqms01.png	1级紫色谋士武器	1	1	3	4	0	3	1	2	250	1	1	0	0	0	0	901	1086	0	0	0	0	100000	0	18020106	试炼1-6掉落	230
17030061	九品易经+	wqms01.png	1级紫色+1谋士武器	1	1	3	5	0	3	1	2	500	1	1	0	0	0	0	1201	1398	0	0	0	0	150000	0	18020106	试炼1-6掉落	280
17030062	九品易经	wqms01.png	1级橙色谋士武器	1	1	3	6	0	3	1	2	1000	1	1	0	0	0	0	1528	1745	0	0	0	0	0	200000	18020106	试炼1-6掉落	330
17030063	九品易经+	wqms01.png	1级橙色+1谋士武器	1	1	3	7	0	3	1	2	5000	1	1	0	0	0	0	1902	2135	0	0	0	0	0	300000	18020106	试炼1-6掉落	380
17030064	九品落月	wqyc01.png	1级绿色远程武器	1	1	2	1	0	2	1	2	100	1	1	520	582	0	0	0	0	0	0	0	0	10000	0	18020104	试炼1-4掉落	80
17030065	九品落月	wqyc01.png	1级蓝色远程武器	1	1	2	2	0	2	1	2	150	1	1	624	699	0	0	0	0	0	0	0	0	50000	0	18020104	试炼1-4掉落	130
17030066	九品落月+	wqyc01.png	1级蓝色+1远程武器	1	1	2	3	0	2	1	2	200	1	1	749	838	0	0	0	0	0	0	0	0	80000	0	18020104	试炼1-4掉落	180
17030067	九品落月	wqyc01.png	1级紫色远程武器	1	1	2	4	0	2	1	2	250	1	1	900	1097	0	0	0	0	0	0	0	0	100000	0	18020104	试炼1-4掉落	230
17030068	九品落月+	wqyc01.png	1级紫色+1远程武器	1	1	2	5	0	2	1	2	500	1	1	1195	1412	0	0	0	0	0	0	0	0	150000	0	18020104	试炼1-4掉落	280
17030069	九品落月	wqyc01.png	1级橙色远程武器	1	1	2	6	0	2	1	2	1000	1	1	1519	1763	0	0	0	0	0	0	0	0	0	200000	18020104	试炼1-4掉落	330
17030070	九品落月+	wqyc01.png	1级橙色+1远程武器	1	1	2	7	0	2	1	2	5000	1	1	1888	2157	0	0	0	0	0	0	0	0	0	300000	18020104	试炼1-4掉落	380
17030071	九品龙麟	fjwf01.png	1级绿色物理防具	1	2	1	1	0	0	1	2	100	1	1	0	0	213	234	0	0	0	0	260	291	10000	0	18020202	试炼2-2掉落	80
17030072	九品龙麟	fjwf01.png	1级蓝色物理防具	1	2	1	2	0	0	1	2	150	1	1	0	0	255	281	0	0	0	0	312	349	50000	0	18020202	试炼2-2掉落	130
17030073	九品龙麟+	fjwf01.png	1级蓝色+1物理防具	1	2	1	3	0	0	1	2	200	1	1	0	0	307	337	0	0	0	0	374	419	80000	0	18020202	试炼2-2掉落	180
17030074	九品龙麟	fjwf01.png	1级紫色物理防具	1	2	1	4	0	0	1	2	250	1	1	0	0	366	441	0	0	0	0	450	548	100000	0	18020202	试炼2-2掉落	230
17030075	九品龙麟+	fjwf01.png	1级紫色+1物理防具	1	2	1	5	0	0	1	2	500	1	1	0	0	487	568	0	0	0	0	597	706	150000	0	18020202	试炼2-2掉落	280
17030076	九品龙麟	fjwf01.png	1级橙色物理防具	1	2	1	6	0	0	1	2	1000	1	1	0	0	620	709	0	0	0	0	759	881	0	200000	18020202	试炼2-2掉落	330
17030077	九品龙麟+	fjwf01.png	1级橙色+1物理防具	1	2	1	7	0	0	1	2	5000	1	1	0	0	772	868	0	0	0	0	944	1078	0	300000	18020202	试炼2-2掉落	380
17030078	九品镜芒	fjff01.png	1级绿色法术防具	1	2	2	1	0	0	1	2	100	1	1	0	0	0	0	0	0	213	234	260	291	10000	0	18020102	试炼1-2掉落	80
17030079	九品镜芒	fjff01.png	1级蓝色法术防具	1	2	2	2	0	0	1	2	150	1	1	0	0	0	0	0	0	255	281	312	349	50000	0	18020102	试炼1-2掉落	130
17030080	九品镜芒+	fjff01.png	1级蓝色+1法术防具	1	2	2	3	0	0	1	2	200	1	1	0	0	0	0	0	0	307	337	374	419	80000	0	18020102	试炼1-2掉落	180
17030081	九品镜芒	fjff01.png	1级紫色法术防具	1	2	2	4	0	0	1	2	250	1	1	0	0	0	0	0	0	366	441	450	548	100000	0	18020102	试炼1-2掉落	230
17030082	九品镜芒+	fjff01.png	1级紫色+1法术防具	1	2	2	5	0	0	1	2	500	1	1	0	0	0	0	0	0	487	568	597	706	150000	0	18020102	试炼1-2掉落	280
17030083	九品镜芒	fjff01.png	1级橙色法术防具	1	2	2	6	0	0	1	2	1000	1	1	0	0	0	0	0	0	620	709	759	881	0	200000	18020102	试炼1-2掉落	330
17030084	九品镜芒+	fjff01.png	1级橙色+1法术防具	1	2	2	7	0	0	1	2	5000	1	1	0	0	0	0	0	0	772	868	944	1078	0	300000	18020102	试炼1-2掉落	380
17030085	九品赤兔	mwg01.png	1级绿色物攻马	1	3	0	1	0	1;2	1	2	100	1	1	260	291	0	0	0	0	0	0	130	145	10000	0	18020201	试炼2-1掉落	80
17030086	九品赤兔	mwg01.png	1级蓝色物攻马	1	3	0	2	0	1;2	1	2	150	1	1	312	349	0	0	0	0	0	0	156	174	50000	0	18020201	试炼2-1掉落	130
17030087	九品赤兔+	mwg01.png	1级蓝色+1物攻马	1	3	0	3	0	1;2	1	2	200	1	1	374	419	0	0	0	0	0	0	187	209	80000	0	18020201	试炼2-1掉落	180
17030088	九品赤兔	mwg01.png	1级紫色物攻马	1	3	0	4	0	1;2	1	2	250	1	1	450	548	0	0	0	0	0	0	225	274	100000	0	18020201	试炼2-1掉落	230
17030089	九品赤兔+	mwg01.png	1级紫色+1物攻马	1	3	0	5	0	1;2	1	2	500	1	1	597	706	0	0	0	0	0	0	298	353	150000	0	18020201	试炼2-1掉落	280
17030090	九品赤兔	mwg01.png	1级橙色物攻马	1	3	0	6	0	1;2	1	2	1000	1	1	759	881	0	0	0	0	0	0	379	440	0	200000	18020201	试炼2-1掉落	330
17030091	九品赤兔+	mwg01.png	1级橙色+1物攻马	1	3	0	7	0	1;2	1	2	5000	1	1	944	1078	0	0	0	0	0	0	472	539	0	300000	18020201	试炼2-1掉落	380
17030092	九品飞电	mfg01.png	1级绿色法攻马	1	3	0	1	0	3	1	2	100	1	1	0	0	0	0	262	288	0	0	130	145	10000	0	18020105	试炼1-5掉落	80
17030093	九品飞电	mfg01.png	1级蓝色法攻马	1	3	0	2	0	3	1	2	150	1	1	0	0	0	0	315	345	0	0	156	174	50000	0	18020105	试炼1-5掉落	130
17030094	九品飞电+	mfg01.png	1级蓝色+1法攻马	1	3	0	3	0	3	1	2	200	1	1	0	0	0	0	378	415	0	0	187	209	80000	0	18020105	试炼1-5掉落	180
17030095	九品飞电	mfg01.png	1级紫色法攻马	1	3	0	4	0	3	1	2	250	1	1	0	0	0	0	450	543	0	0	225	274	100000	0	18020105	试炼1-5掉落	230
17030096	九品飞电+	mfg01.png	1级紫色+1法攻马	1	3	0	5	0	3	1	2	500	1	1	0	0	0	0	600	699	0	0	298	353	150000	0	18020105	试炼1-5掉落	280
17030097	九品飞电	mfg01.png	1级橙色法攻马	1	3	0	6	0	3	1	2	1000	1	1	0	0	0	0	764	872	0	0	379	440	0	200000	18020105	试炼1-5掉落	330
17030098	九品飞电+	mfg01.png	1级橙色+1法攻马	1	3	0	7	0	3	1	2	5000	1	1	0	0	0	0	951	1067	0	0	472	539	0	300000	18020105	试炼1-5掉落	380
17030099	九品的卢	mwf01.png	1级绿色物防马	1	3	0	1	0	0	1	2	100	1	1	0	0	106	117	0	0	0	0	1040	1164	10000	0	18020103	试炼1-3掉落	80
17030100	九品的卢	mwf01.png	1级蓝色物防马	1	3	0	2	0	0	1	2	150	1	1	0	0	127	140	0	0	0	0	1248	1396	50000	0	18020103	试炼1-3掉落	130
17030101	九品的卢+	mwf01.png	1级蓝色+1物防马	1	3	0	3	0	0	1	2	200	1	1	0	0	153	168	0	0	0	0	1496	1676	80000	0	18020103	试炼1-3掉落	180
17030102	九品的卢	mwf01.png	1级紫色物防马	1	3	0	4	0	0	1	2	250	1	1	0	0	183	220	0	0	0	0	1800	2192	100000	0	18020103	试炼1-3掉落	230
17030103	九品的卢+	mwf01.png	1级紫色+1物防马	1	3	0	5	0	0	1	2	500	1	1	0	0	243	284	0	0	0	0	2388	2824	150000	0	18020103	试炼1-3掉落	280
17030104	九品的卢	mwf01.png	1级橙色物防马	1	3	0	6	0	0	1	2	1000	1	1	0	0	310	354	0	0	0	0	3036	3524	0	200000	18020103	试炼1-3掉落	330
17030105	九品的卢+	mwf01.png	1级橙色+1物防马	1	3	0	7	0	0	1	2	5000	1	1	0	0	386	434	0	0	0	0	3776	4312	0	300000	18020103	试炼1-3掉落	380
17030106	九品绝影	mff01.png	1级绿色法防马	1	3	0	1	0	0	1	2	100	1	1	0	0	0	0	0	0	106	117	1040	1164	10000	0	18020203	试炼2-3掉落	80
17030107	九品绝影	mff01.png	1级蓝色法防马	1	3	0	2	0	0	1	2	150	1	1	0	0	0	0	0	0	127	140	1248	1396	50000	0	18020203	试炼2-3掉落	130
17030108	九品绝影+	mff01.png	1级蓝色+1法防马	1	3	0	3	0	0	1	2	200	1	1	0	0	0	0	0	0	153	168	1496	1676	80000	0	18020203	试炼2-3掉落	180
17030109	九品绝影	mff01.png	1级紫色法防马	1	3	0	4	0	0	1	2	250	1	1	0	0	0	0	0	0	183	220	1800	2192	100000	0	18020203	试炼2-3掉落	230
17030110	九品绝影+	mff01.png	1级紫色+1法防马	1	3	0	5	0	0	1	2	500	1	1	0	0	0	0	0	0	243	284	2388	2824	150000	0	18020203	试炼2-3掉落	280
17030111	九品绝影	mff01.png	1级橙色法防马	1	3	0	6	0	0	1	2	1000	1	1	0	0	0	0	0	0	310	354	3036	3524	0	200000	18020203	试炼2-3掉落	330
17030112	九品绝影+	mff01.png	1级橙色+1法防马	1	3	0	7	0	0	1	2	5000	1	1	0	0	0	0	0	0	386	434	3776	4312	0	300000	18020203	试炼2-3掉落	380
17030113	八品龙胆	wqjz02.png	20级绿色近战武器	20	1	1	1	0	1	20	2	100	1	1	537	585	53	58	0	0	0	0	0	0	10000	0	18020204	试炼2-4掉落	90
17030114	八品龙胆	wqjz02.png	20级蓝色近战武器	20	1	1	2	0	1	20	2	150	1	1	645	702	64	70	0	0	0	0	0	0	50000	0	18020204	试炼2-4掉落	145
17030115	八品龙胆+	wqjz02.png	20级蓝色+1近战武器	20	1	1	3	0	1	20	2	200	1	1	774	842	77	84	0	0	0	0	0	0	80000	0	18020204	试炼2-4掉落	200
17030116	八品龙胆	wqjz02.png	20级紫色近战武器	20	1	1	4	0	1	20	2	250	1	1	921	1103	92	110	0	0	0	0	0	0	100000	0	18020204	试炼2-4掉落	255
17030117	八品龙胆+	wqjz02.png	20级紫色+1近战武器	20	1	1	5	0	1	20	2	500	1	1	1228	1419	122	141	0	0	0	0	0	0	150000	0	18020204	试炼2-4掉落	310
17030118	八品龙胆	wqjz02.png	20级橙色近战武器	20	1	1	6	0	1	20	2	1000	1	1	1564	1771	156	177	0	0	0	0	0	0	0	200000	18020204	试炼2-4掉落	365
17030119	八品龙胆+	wqjz02.png	20级橙色+1近战武器	20	1	1	7	0	1	20	2	5000	1	1	1947	2167	194	216	0	0	0	0	0	0	0	300000	18020204	试炼2-4掉落	420
17030120	八品易经	wqms02.png	20级绿色谋士武器	20	1	3	1	0	3	20	2	100	1	1	0	0	0	0	661	719	0	0	0	0	10000	0	18020303	试炼3-3掉落	90
17030121	八品易经	wqms02.png	20级蓝色谋士武器	20	1	3	2	0	3	20	2	150	1	1	0	0	0	0	793	862	0	0	0	0	50000	0	18020303	试炼3-3掉落	145
17030122	八品易经+	wqms02.png	20级蓝色+1谋士武器	20	1	3	3	0	3	20	2	200	1	1	0	0	0	0	952	1035	0	0	0	0	80000	0	18020303	试炼3-3掉落	200
17030123	八品易经	wqms02.png	20级紫色谋士武器	20	1	3	4	0	3	20	2	250	1	1	0	0	0	0	1133	1355	0	0	0	0	100000	0	18020303	试炼3-3掉落	255
17030124	八品易经+	wqms02.png	20级紫色+1谋士武器	20	1	3	5	0	3	20	2	500	1	1	0	0	0	0	1511	1744	0	0	0	0	150000	0	18020303	试炼3-3掉落	310
17030125	八品易经	wqms02.png	20级橙色谋士武器	20	1	3	6	0	3	20	2	1000	1	1	0	0	0	0	1924	2177	0	0	0	0	0	200000	18020303	试炼3-3掉落	365
17030126	八品易经+	wqms02.png	20级橙色+1谋士武器	20	1	3	7	0	3	20	2	5000	1	1	0	0	0	0	2395	2663	0	0	0	0	0	300000	18020303	试炼3-3掉落	420
17030127	八品落月	wqyc02.png	20级绿色远程武器	20	1	2	1	0	2	20	2	100	1	1	665	735	0	0	0	0	0	0	0	0	10000	0	18020301	试炼3-1掉落	90
17030128	八品落月	wqyc02.png	20级蓝色远程武器	20	1	2	2	0	2	20	2	150	1	1	798	881	0	0	0	0	0	0	0	0	50000	0	18020301	试炼3-1掉落	145
17030129	八品落月+	wqyc02.png	20级蓝色+1远程武器	20	1	2	3	0	2	20	2	200	1	1	958	1058	0	0	0	0	0	0	0	0	80000	0	18020301	试炼3-1掉落	200
17030130	八品落月	wqyc02.png	20级紫色远程武器	20	1	2	4	0	2	20	2	250	1	1	1140	1385	0	0	0	0	0	0	0	0	100000	0	18020301	试炼3-1掉落	255
17030131	八品落月+	wqyc02.png	20级紫色+1远程武器	20	1	2	5	0	2	20	2	500	1	1	1520	1782	0	0	0	0	0	0	0	0	150000	0	18020301	试炼3-1掉落	310
17030132	八品落月	wqyc02.png	20级橙色远程武器	20	1	2	6	0	2	20	2	1000	1	1	1936	2224	0	0	0	0	0	0	0	0	0	200000	18020301	试炼3-1掉落	365
17030133	八品落月+	wqyc02.png	20级橙色+1远程武器	20	1	2	7	0	2	20	2	5000	1	1	2410	2721	0	0	0	0	0	0	0	0	0	300000	18020301	试炼3-1掉落	420
17030134	八品龙麟	fjwf02.png	20级绿色物理防具	20	2	1	1	0	0	20	2	100	1	1	0	0	268	292	0	0	0	0	332	367	10000	0	18020305	试炼3-5掉落	90
17030135	八品龙麟	fjwf02.png	20级蓝色物理防具	20	2	1	2	0	0	20	2	150	1	1	0	0	322	351	0	0	0	0	399	440	50000	0	18020305	试炼3-5掉落	145
17030136	八品龙麟+	fjwf02.png	20级蓝色+1物理防具	20	2	1	3	0	0	20	2	200	1	1	0	0	387	421	0	0	0	0	479	529	80000	0	18020305	试炼3-5掉落	200
17030137	八品龙麟	fjwf02.png	20级紫色物理防具	20	2	1	4	0	0	20	2	250	1	1	0	0	460	551	0	0	0	0	570	692	100000	0	18020305	试炼3-5掉落	255
17030138	八品龙麟+	fjwf02.png	20级紫色+1物理防具	20	2	1	5	0	0	20	2	500	1	1	0	0	614	709	0	0	0	0	760	891	150000	0	18020305	试炼3-5掉落	310
17030139	八品龙麟	fjwf02.png	20级橙色物理防具	20	2	1	6	0	0	20	2	1000	1	1	0	0	782	885	0	0	0	0	968	1112	0	200000	18020305	试炼3-5掉落	365
17030140	八品龙麟+	fjwf02.png	20级橙色+1物理防具	20	2	1	7	0	0	20	2	5000	1	1	0	0	973	1083	0	0	0	0	1205	1360	0	300000	18020305	试炼3-5掉落	420
17030141	八品镜芒	fjff02.png	20级绿色法术防具	20	2	2	1	0	0	20	2	100	1	1	0	0	0	0	0	0	268	292	332	367	10000	0	18020205	试炼2-5掉落	90
17030142	八品镜芒	fjff02.png	20级蓝色法术防具	20	2	2	2	0	0	20	2	150	1	1	0	0	0	0	0	0	322	351	399	440	50000	0	18020205	试炼2-5掉落	145
17030143	八品镜芒+	fjff02.png	20级蓝色+1法术防具	20	2	2	3	0	0	20	2	200	1	1	0	0	0	0	0	0	387	421	479	529	80000	0	18020205	试炼2-5掉落	200
17030144	八品镜芒	fjff02.png	20级紫色法术防具	20	2	2	4	0	0	20	2	250	1	1	0	0	0	0	0	0	460	551	570	692	100000	0	18020205	试炼2-5掉落	255
17030145	八品镜芒+	fjff02.png	20级紫色+1法术防具	20	2	2	5	0	0	20	2	500	1	1	0	0	0	0	0	0	614	709	760	891	150000	0	18020205	试炼2-5掉落	310
17030146	八品镜芒	fjff02.png	20级橙色法术防具	20	2	2	6	0	0	20	2	1000	1	1	0	0	0	0	0	0	782	885	968	1112	0	200000	18020205	试炼2-5掉落	365
17030147	八品镜芒+	fjff02.png	20级橙色+1法术防具	20	2	2	7	0	0	20	2	5000	1	1	0	0	0	0	0	0	973	1083	1205	1360	0	300000	18020205	试炼2-5掉落	420
17030148	八品赤兔	mwg02.png	20级绿色物攻马	20	3	0	1	0	1;2	20	2	100	1	1	332	367	0	0	0	0	0	0	166	183	10000	0	18020304	试炼3-4掉落	90
17030149	八品赤兔	mwg02.png	20级蓝色物攻马	20	3	0	2	0	1;2	20	2	150	1	1	399	440	0	0	0	0	0	0	199	220	50000	0	18020304	试炼3-4掉落	145
17030150	八品赤兔+	mwg02.png	20级蓝色+1物攻马	20	3	0	3	0	1;2	20	2	200	1	1	479	529	0	0	0	0	0	0	239	264	80000	0	18020304	试炼3-4掉落	200
17030151	八品赤兔	mwg02.png	20级紫色物攻马	20	3	0	4	0	1;2	20	2	250	1	1	570	692	0	0	0	0	0	0	285	346	100000	0	18020304	试炼3-4掉落	255
17030152	八品赤兔+	mwg02.png	20级紫色+1物攻马	20	3	0	5	0	1;2	20	2	500	1	1	760	891	0	0	0	0	0	0	380	445	150000	0	18020304	试炼3-4掉落	310
17030153	八品赤兔	mwg02.png	20级橙色物攻马	20	3	0	6	0	1;2	20	2	1000	1	1	968	1112	0	0	0	0	0	0	484	556	0	200000	18020304	试炼3-4掉落	365
17030154	八品赤兔+	mwg02.png	20级橙色+1物攻马	20	3	0	7	0	1;2	20	2	5000	1	1	1205	1360	0	0	0	0	0	0	602	680	0	300000	18020304	试炼3-4掉落	420
17030155	八品飞电	mfg02.png	20级绿色法攻马	20	3	0	1	0	3	20	2	100	1	1	0	0	0	0	330	359	0	0	166	183	10000	0	18020302	试炼3-2掉落	90
17030156	八品飞电	mfg02.png	20级蓝色法攻马	20	3	0	2	0	3	20	2	150	1	1	0	0	0	0	396	431	0	0	199	220	50000	0	18020302	试炼3-2掉落	145
17030157	八品飞电+	mfg02.png	20级蓝色+1法攻马	20	3	0	3	0	3	20	2	200	1	1	0	0	0	0	476	517	0	0	239	264	80000	0	18020302	试炼3-2掉落	200
17030158	八品飞电	mfg02.png	20级紫色法攻马	20	3	0	4	0	3	20	2	250	1	1	0	0	0	0	566	677	0	0	285	346	100000	0	18020302	试炼3-2掉落	255
17030159	八品飞电+	mfg02.png	20级紫色+1法攻马	20	3	0	5	0	3	20	2	500	1	1	0	0	0	0	755	872	0	0	380	445	150000	0	18020302	试炼3-2掉落	310
17030160	八品飞电	mfg02.png	20级橙色法攻马	20	3	0	6	0	3	20	2	1000	1	1	0	0	0	0	962	1088	0	0	484	556	0	200000	18020302	试炼3-2掉落	365
17030161	八品飞电+	mfg02.png	20级橙色+1法攻马	20	3	0	7	0	3	20	2	5000	1	1	0	0	0	0	1197	1331	0	0	602	680	0	300000	18020302	试炼3-2掉落	420
17030162	八品的卢	mwf02.png	20级绿色物防马	20	3	0	1	0	0	20	2	100	1	1	0	0	134	146	0	0	0	0	1328	1468	10000	0	18020206	试炼2-6掉落	90
17030163	八品的卢	mwf02.png	20级蓝色物防马	20	3	0	2	0	0	20	2	150	1	1	0	0	161	175	0	0	0	0	1596	1760	50000	0	18020206	试炼2-6掉落	145
17030164	八品的卢+	mwf02.png	20级蓝色+1物防马	20	3	0	3	0	0	20	2	200	1	1	0	0	193	210	0	0	0	0	1916	2116	80000	0	18020206	试炼2-6掉落	200
17030165	八品的卢	mwf02.png	20级紫色物防马	20	3	0	4	0	0	20	2	250	1	1	0	0	230	275	0	0	0	0	2280	2768	100000	0	18020206	试炼2-6掉落	255
17030166	八品的卢+	mwf02.png	20级紫色+1物防马	20	3	0	5	0	0	20	2	500	1	1	0	0	307	354	0	0	0	0	3040	3564	150000	0	18020206	试炼2-6掉落	310
17030167	八品的卢	mwf02.png	20级橙色物防马	20	3	0	6	0	0	20	2	1000	1	1	0	0	391	442	0	0	0	0	3872	4448	0	200000	18020206	试炼2-6掉落	365
17030168	八品的卢+	mwf02.png	20级橙色+1物防马	20	3	0	7	0	0	20	2	5000	1	1	0	0	486	541	0	0	0	0	4820	5440	0	300000	18020206	试炼2-6掉落	420
17030169	八品绝影	mff02.png	20级绿色法防马	20	3	0	1	0	0	20	2	100	1	1	0	0	0	0	0	0	134	146	1328	1468	10000	0	18020306	试炼3-6掉落	90
17030170	八品绝影	mff02.png	20级蓝色法防马	20	3	0	2	0	0	20	2	150	1	1	0	0	0	0	0	0	161	175	1596	1760	50000	0	18020306	试炼3-6掉落	145
17030171	八品绝影+	mff02.png	20级蓝色+1法防马	20	3	0	3	0	0	20	2	200	1	1	0	0	0	0	0	0	193	210	1916	2116	80000	0	18020306	试炼3-6掉落	200
17030172	八品绝影	mff02.png	20级紫色法防马	20	3	0	4	0	0	20	2	250	1	1	0	0	0	0	0	0	230	275	2280	2768	100000	0	18020306	试炼3-6掉落	255
17030173	八品绝影+	mff02.png	20级紫色+1法防马	20	3	0	5	0	0	20	2	500	1	1	0	0	0	0	0	0	307	354	3040	3564	150000	0	18020306	试炼3-6掉落	310
17030174	八品绝影	mff02.png	20级橙色法防马	20	3	0	6	0	0	20	2	1000	1	1	0	0	0	0	0	0	391	442	3872	4448	0	200000	18020306	试炼3-6掉落	365
17030175	八品绝影+	mff02.png	20级橙色+1法防马	20	3	0	7	0	0	20	2	5000	1	1	0	0	0	0	0	0	486	541	4820	5440	0	300000	18020306	试炼3-6掉落	420
17030176	七品龙胆	wqjz03.png	30级绿色近战武器	30	1	1	1	0	1	30	2	100	1	1	658	711	65	71	0	0	0	0	0	0	10000	0	18020401	试炼4-1掉落	105
17030177	七品龙胆	wqjz03.png	30级蓝色近战武器	30	1	1	2	0	1	30	2	150	1	1	790	853	79	85	0	0	0	0	0	0	50000	0	18020401	试炼4-1掉落	165
17030178	七品龙胆+	wqjz03.png	30级蓝色+1近战武器	30	1	1	3	0	1	30	2	200	1	1	948	1024	94	102	0	0	0	0	0	0	80000	0	18020401	试炼4-1掉落	225
17030179	七品龙胆	wqjz03.png	30级紫色近战武器	30	1	1	4	0	1	30	2	250	1	1	1128	1340	112	134	0	0	0	0	0	0	100000	0	18020401	试炼4-1掉落	285
17030180	七品龙胆+	wqjz03.png	30级紫色+1近战武器	30	1	1	5	0	1	30	2	500	1	1	1505	1725	150	172	0	0	0	0	0	0	150000	0	18020401	试炼4-1掉落	345
17030181	七品龙胆	wqjz03.png	30级橙色近战武器	30	1	1	6	0	1	30	2	1000	1	1	1916	2153	191	215	0	0	0	0	0	0	0	200000	18020401	试炼4-1掉落	405
17030182	七品龙胆+	wqjz03.png	30级橙色+1近战武器	30	1	1	7	0	1	30	2	5000	1	1	2385	2634	238	263	0	0	0	0	0	0	0	300000	18020401	试炼4-1掉落	465
17030183	七品易经	wqms03.png	30级绿色谋士武器	30	1	3	1	0	3	30	2	100	1	1	0	0	0	0	806	870	0	0	0	0	10000	0	18020406	试炼4-6掉落	105
17030184	七品易经	wqms03.png	30级蓝色谋士武器	30	1	3	2	0	3	30	2	150	1	1	0	0	0	0	968	1044	0	0	0	0	50000	0	18020406	试炼4-6掉落	165
17030185	七品易经+	wqms03.png	30级蓝色+1谋士武器	30	1	3	3	0	3	30	2	200	1	1	0	0	0	0	1161	1253	0	0	0	0	80000	0	18020406	试炼4-6掉落	225
17030186	七品易经	wqms03.png	30级紫色谋士武器	30	1	3	4	0	3	30	2	250	1	1	0	0	0	0	1382	1640	0	0	0	0	100000	0	18020406	试炼4-6掉落	285
17030187	七品易经+	wqms03.png	30级紫色+1谋士武器	30	1	3	5	0	3	30	2	500	1	1	0	0	0	0	1842	2111	0	0	0	0	150000	0	18020406	试炼4-6掉落	345
17030188	七品易经	wqms03.png	30级橙色谋士武器	30	1	3	6	0	3	30	2	1000	1	1	0	0	0	0	2346	2635	0	0	0	0	0	200000	18020406	试炼4-6掉落	405
17030189	七品易经+	wqms03.png	30级橙色+1谋士武器	30	1	3	7	0	3	30	2	5000	1	1	0	0	0	0	2921	3224	0	0	0	0	0	300000	18020406	试炼4-6掉落	465
17030190	七品落月	wqyc03.png	30级绿色远程武器	30	1	2	1	0	2	30	2	100	1	1	859	936	0	0	0	0	0	0	0	0	10000	0	18020404	试炼4-4掉落	105
17030191	七品落月	wqyc03.png	30级蓝色远程武器	30	1	2	2	0	2	30	2	150	1	1	1031	1123	0	0	0	0	0	0	0	0	50000	0	18020404	试炼4-4掉落	165
17030192	七品落月+	wqyc03.png	30级蓝色+1远程武器	30	1	2	3	0	2	30	2	200	1	1	1237	1348	0	0	0	0	0	0	0	0	80000	0	18020404	试炼4-4掉落	225
17030193	七品落月	wqyc03.png	30级紫色远程武器	30	1	2	4	0	2	30	2	250	1	1	1473	1764	0	0	0	0	0	0	0	0	100000	0	18020404	试炼4-4掉落	285
17030194	七品落月+	wqyc03.png	30级紫色+1远程武器	30	1	2	5	0	2	30	2	500	1	1	1963	2271	0	0	0	0	0	0	0	0	150000	0	18020404	试炼4-4掉落	345
17030195	七品落月	wqyc03.png	30级橙色远程武器	30	1	2	6	0	2	30	2	1000	1	1	2501	2834	0	0	0	0	0	0	0	0	0	200000	18020404	试炼4-4掉落	405
17030196	七品落月+	wqyc03.png	30级橙色+1远程武器	30	1	2	7	0	2	30	2	5000	1	1	3113	3467	0	0	0	0	0	0	0	0	0	300000	18020404	试炼4-4掉落	465
17030197	七品龙麟	fjwf03.png	30级绿色物理防具	30	2	1	1	0	0	30	2	100	1	1	0	0	329	355	0	0	0	0	429	468	10000	0	18020502	试炼5-2掉落	105
17030198	七品龙麟	fjwf03.png	30级蓝色物理防具	30	2	1	2	0	0	30	2	150	1	1	0	0	395	426	0	0	0	0	515	561	50000	0	18020502	试炼5-2掉落	165
17030199	七品龙麟+	fjwf03.png	30级蓝色+1物理防具	30	2	1	3	0	0	30	2	200	1	1	0	0	474	512	0	0	0	0	618	674	80000	0	18020502	试炼5-2掉落	225
17030200	七品龙麟	fjwf03.png	30级紫色物理防具	30	2	1	4	0	0	30	2	250	1	1	0	0	564	670	0	0	0	0	736	882	100000	0	18020502	试炼5-2掉落	285
17030201	七品龙麟+	fjwf03.png	30级紫色+1物理防具	30	2	1	5	0	0	30	2	500	1	1	0	0	752	862	0	0	0	0	981	1135	150000	0	18020502	试炼5-2掉落	345
17030202	七品龙麟	fjwf03.png	30级橙色物理防具	30	2	1	6	0	0	30	2	1000	1	1	0	0	958	1076	0	0	0	0	1250	1417	0	200000	18020502	试炼5-2掉落	405
17030203	七品龙麟+	fjwf03.png	30级橙色+1物理防具	30	2	1	7	0	0	30	2	5000	1	1	0	0	1192	1317	0	0	0	0	1556	1733	0	300000	18020502	试炼5-2掉落	465
17030204	七品镜芒	fjff03.png	30级绿色法术防具	30	2	2	1	0	0	30	2	100	1	1	0	0	0	0	0	0	329	355	429	468	10000	0	18020402	试炼4-2掉落	105
17030205	七品镜芒	fjff03.png	30级蓝色法术防具	30	2	2	2	0	0	30	2	150	1	1	0	0	0	0	0	0	395	426	515	561	50000	0	18020402	试炼4-2掉落	165
17030206	七品镜芒+	fjff03.png	30级蓝色+1法术防具	30	2	2	3	0	0	30	2	200	1	1	0	0	0	0	0	0	474	512	618	674	80000	0	18020402	试炼4-2掉落	225
17030207	七品镜芒	fjff03.png	30级紫色法术防具	30	2	2	4	0	0	30	2	250	1	1	0	0	0	0	0	0	564	670	736	882	100000	0	18020402	试炼4-2掉落	285
17030208	七品镜芒+	fjff03.png	30级紫色+1法术防具	30	2	2	5	0	0	30	2	500	1	1	0	0	0	0	0	0	752	862	981	1135	150000	0	18020402	试炼4-2掉落	345
17030209	七品镜芒	fjff03.png	30级橙色法术防具	30	2	2	6	0	0	30	2	1000	1	1	0	0	0	0	0	0	958	1076	1250	1417	0	200000	18020402	试炼4-2掉落	405
17030210	七品镜芒+	fjff03.png	30级橙色+1法术防具	30	2	2	7	0	0	30	2	5000	1	1	0	0	0	0	0	0	1192	1317	1556	1733	0	300000	18020402	试炼4-2掉落	465
17030211	七品赤兔	mwg03.png	30级绿色物攻马	30	3	0	1	0	1;2	30	2	100	1	1	429	468	0	0	0	0	0	0	214	234	10000	0	18020501	试炼5-1掉落	105
17030212	七品赤兔	mwg03.png	30级蓝色物攻马	30	3	0	2	0	1;2	30	2	150	1	1	515	561	0	0	0	0	0	0	257	280	50000	0	18020501	试炼5-1掉落	165
17030213	七品赤兔+	mwg03.png	30级蓝色+1物攻马	30	3	0	3	0	1;2	30	2	200	1	1	618	674	0	0	0	0	0	0	309	337	80000	0	18020501	试炼5-1掉落	225
17030214	七品赤兔	mwg03.png	30级紫色物攻马	30	3	0	4	0	1;2	30	2	250	1	1	736	882	0	0	0	0	0	0	368	441	100000	0	18020501	试炼5-1掉落	285
17030215	七品赤兔+	mwg03.png	30级紫色+1物攻马	30	3	0	5	0	1;2	30	2	500	1	1	981	1135	0	0	0	0	0	0	490	567	150000	0	18020501	试炼5-1掉落	345
17030216	七品赤兔	mwg03.png	30级橙色物攻马	30	3	0	6	0	1;2	30	2	1000	1	1	1250	1417	0	0	0	0	0	0	625	708	0	200000	18020501	试炼5-1掉落	405
17030217	七品赤兔+	mwg03.png	30级橙色+1物攻马	30	3	0	7	0	1;2	30	2	5000	1	1	1556	1733	0	0	0	0	0	0	778	866	0	300000	18020501	试炼5-1掉落	465
17030218	七品飞电	mfg03.png	30级绿色法攻马	30	3	0	1	0	3	30	2	100	1	1	0	0	0	0	403	435	0	0	214	234	10000	0	18020405	试炼4-5掉落	105
17030219	七品飞电	mfg03.png	30级蓝色法攻马	30	3	0	2	0	3	30	2	150	1	1	0	0	0	0	484	522	0	0	257	280	50000	0	18020405	试炼4-5掉落	165
17030220	七品飞电+	mfg03.png	30级蓝色+1法攻马	30	3	0	3	0	3	30	2	200	1	1	0	0	0	0	580	626	0	0	309	337	80000	0	18020405	试炼4-5掉落	225
17030221	七品飞电	mfg03.png	30级紫色法攻马	30	3	0	4	0	3	30	2	250	1	1	0	0	0	0	691	820	0	0	368	441	100000	0	18020405	试炼4-5掉落	285
17030222	七品飞电+	mfg03.png	30级紫色+1法攻马	30	3	0	5	0	3	30	2	500	1	1	0	0	0	0	921	1055	0	0	490	567	150000	0	18020405	试炼4-5掉落	345
17030223	七品飞电	mfg03.png	30级橙色法攻马	30	3	0	6	0	3	30	2	1000	1	1	0	0	0	0	1173	1317	0	0	625	708	0	200000	18020405	试炼4-5掉落	405
17030224	七品飞电+	mfg03.png	30级橙色+1法攻马	30	3	0	7	0	3	30	2	5000	1	1	0	0	0	0	1460	1612	0	0	778	866	0	300000	18020405	试炼4-5掉落	465
17030225	七品的卢	mwf03.png	30级绿色物防马	30	3	0	1	0	0	30	2	100	1	1	0	0	164	177	0	0	0	0	1716	1872	10000	0	18020403	试炼4-3掉落	105
17030226	七品的卢	mwf03.png	30级蓝色物防马	30	3	0	2	0	0	30	2	150	1	1	0	0	197	213	0	0	0	0	2060	2244	50000	0	18020403	试炼4-3掉落	165
17030227	七品的卢+	mwf03.png	30级蓝色+1物防马	30	3	0	3	0	0	30	2	200	1	1	0	0	237	256	0	0	0	0	2472	2696	80000	0	18020403	试炼4-3掉落	225
17030228	七品的卢	mwf03.png	30级紫色物防马	30	3	0	4	0	0	30	2	250	1	1	0	0	282	335	0	0	0	0	2944	3528	100000	0	18020403	试炼4-3掉落	285
17030229	七品的卢+	mwf03.png	30级紫色+1物防马	30	3	0	5	0	0	30	2	500	1	1	0	0	376	431	0	0	0	0	3924	4540	150000	0	18020403	试炼4-3掉落	345
17030230	七品的卢	mwf03.png	30级橙色物防马	30	3	0	6	0	0	30	2	1000	1	1	0	0	479	538	0	0	0	0	5000	5668	0	200000	18020403	试炼4-3掉落	405
17030231	七品的卢+	mwf03.png	30级橙色+1物防马	30	3	0	7	0	0	30	2	5000	1	1	0	0	596	658	0	0	0	0	6224	6932	0	300000	18020403	试炼4-3掉落	465
17030232	七品绝影	mff03.png	30级绿色法防马	30	3	0	1	0	0	30	2	100	1	1	0	0	0	0	0	0	164	177	1716	1872	10000	0	18020503	试炼5-3掉落	105
17030233	七品绝影	mff03.png	30级蓝色法防马	30	3	0	2	0	0	30	2	150	1	1	0	0	0	0	0	0	197	213	2060	2244	50000	0	18020503	试炼5-3掉落	165
17030234	七品绝影+	mff03.png	30级蓝色+1法防马	30	3	0	3	0	0	30	2	200	1	1	0	0	0	0	0	0	237	256	2472	2696	80000	0	18020503	试炼5-3掉落	225
17030235	七品绝影	mff03.png	30级紫色法防马	30	3	0	4	0	0	30	2	250	1	1	0	0	0	0	0	0	282	335	2944	3528	100000	0	18020503	试炼5-3掉落	285
17030236	七品绝影+	mff03.png	30级紫色+1法防马	30	3	0	5	0	0	30	2	500	1	1	0	0	0	0	0	0	376	431	3924	4540	150000	0	18020503	试炼5-3掉落	345
17030237	七品绝影	mff03.png	30级橙色法防马	30	3	0	6	0	0	30	2	1000	1	1	0	0	0	0	0	0	479	538	5000	5668	0	200000	18020503	试炼5-3掉落	405
17030238	七品绝影+	mff03.png	30级橙色+1法防马	30	3	0	7	0	0	30	2	5000	1	1	0	0	0	0	0	0	596	658	6224	6932	0	300000	18020503	试炼5-3掉落	465
17030239	六品龙胆	wqjz04.png	40级绿色近战武器	40	1	1	1	0	1	40	2	100	1	1	795	853	79	85	0	0	0	0	0	0	10000	0	18020504	试炼5-4掉落	125
17030240	六品龙胆	wqjz04.png	40级蓝色近战武器	40	1	1	2	0	1	40	2	150	1	1	954	1024	95	102	0	0	0	0	0	0	50000	0	18020504	试炼5-4掉落	190
17030241	六品龙胆+	wqjz04.png	40级蓝色+1近战武器	40	1	1	3	0	1	40	2	200	1	1	1145	1229	114	122	0	0	0	0	0	0	80000	0	18020504	试炼5-4掉落	255
17030242	六品龙胆	wqjz04.png	40级紫色近战武器	40	1	1	4	0	1	40	2	250	1	1	1363	1609	136	160	0	0	0	0	0	0	100000	0	18020504	试炼5-4掉落	320
17030243	六品龙胆+	wqjz04.png	40级紫色+1近战武器	40	1	1	5	0	1	40	2	500	1	1	1817	2071	181	207	0	0	0	0	0	0	150000	0	18020504	试炼5-4掉落	385
17030244	六品龙胆	wqjz04.png	40级橙色近战武器	40	1	1	6	0	1	40	2	1000	1	1	2314	2584	231	258	0	0	0	0	0	0	0	200000	18020504	试炼5-4掉落	450
17030245	六品龙胆+	wqjz04.png	40级橙色+1近战武器	40	1	1	7	0	1	40	2	5000	1	1	2881	3162	288	316	0	0	0	0	0	0	0	300000	18020504	试炼5-4掉落	515
17030246	六品易经	wqms04.png	40级绿色谋士武器	40	1	3	1	0	3	40	2	100	1	1	0	0	0	0	974	1045	0	0	0	0	10000	0	18020603	试炼6-3掉落	125
17030247	六品易经	wqms04.png	40级蓝色谋士武器	40	1	3	2	0	3	40	2	150	1	1	0	0	0	0	1168	1254	0	0	0	0	50000	0	18020603	试炼6-3掉落	190
17030248	六品易经+	wqms04.png	40级蓝色+1谋士武器	40	1	3	3	0	3	40	2	200	1	1	0	0	0	0	1402	1505	0	0	0	0	80000	0	18020603	试炼6-3掉落	255
17030249	六品易经	wqms04.png	40级紫色谋士武器	40	1	3	4	0	3	40	2	250	1	1	0	0	0	0	1669	1970	0	0	0	0	100000	0	18020603	试炼6-3掉落	320
17030250	六品易经+	wqms04.png	40级紫色+1谋士武器	40	1	3	5	0	3	40	2	500	1	1	0	0	0	0	2225	2536	0	0	0	0	150000	0	18020603	试炼6-3掉落	385
17030251	六品易经	wqms04.png	40级橙色谋士武器	40	1	3	6	0	3	40	2	1000	1	1	0	0	0	0	2833	3165	0	0	0	0	0	200000	18020603	试炼6-3掉落	450
17030252	六品易经+	wqms04.png	40级橙色+1谋士武器	40	1	3	7	0	3	40	2	5000	1	1	0	0	0	0	3527	3872	0	0	0	0	0	300000	18020603	试炼6-3掉落	515
17030253	六品落月	wqyc04.png	40级绿色远程武器	40	1	2	1	0	2	40	2	100	1	1	1041	1113	0	0	0	0	0	0	0	0	10000	0	18020601	试炼6-1掉落	125
17030254	六品落月	wqyc04.png	40级蓝色远程武器	40	1	2	2	0	2	40	2	150	1	1	1249	1336	0	0	0	0	0	0	0	0	50000	0	18020601	试炼6-1掉落	190
17030255	六品落月+	wqyc04.png	40级蓝色+1远程武器	40	1	2	3	0	2	40	2	200	1	1	1499	1603	0	0	0	0	0	0	0	0	80000	0	18020601	试炼6-1掉落	255
17030256	六品落月	wqyc04.png	40级紫色远程武器	40	1	2	4	0	2	40	2	250	1	1	1784	2098	0	0	0	0	0	0	0	0	100000	0	18020601	试炼6-1掉落	320
17030257	六品落月+	wqyc04.png	40级紫色+1远程武器	40	1	2	5	0	2	40	2	500	1	1	2378	2701	0	0	0	0	0	0	0	0	150000	0	18020601	试炼6-1掉落	385
17030258	六品落月	wqyc04.png	40级橙色远程武器	40	1	2	6	0	2	40	2	1000	1	1	3029	3370	0	0	0	0	0	0	0	0	0	200000	18020601	试炼6-1掉落	450
17030259	六品落月+	wqyc04.png	40级橙色+1远程武器	40	1	2	7	0	2	40	2	5000	1	1	3771	4123	0	0	0	0	0	0	0	0	0	300000	18020601	试炼6-1掉落	515
17030260	六品龙麟	fjwf04.png	40级绿色物理防具	40	2	1	1	0	0	40	2	100	1	1	0	0	397	426	0	0	0	0	520	556	10000	0	18020605	试炼6-5掉落	125
17030261	六品龙麟	fjwf04.png	40级蓝色物理防具	40	2	1	2	0	0	40	2	150	1	1	0	0	477	512	0	0	0	0	624	668	50000	0	18020605	试炼6-5掉落	190
17030262	六品龙麟+	fjwf04.png	40级蓝色+1物理防具	40	2	1	3	0	0	40	2	200	1	1	0	0	572	614	0	0	0	0	749	801	80000	0	18020605	试炼6-5掉落	255
17030263	六品龙麟	fjwf04.png	40级紫色物理防具	40	2	1	4	0	0	40	2	250	1	1	0	0	681	804	0	0	0	0	892	1049	100000	0	18020605	试炼6-5掉落	320
17030264	六品龙麟+	fjwf04.png	40级紫色+1物理防具	40	2	1	5	0	0	40	2	500	1	1	0	0	908	1035	0	0	0	0	1189	1350	150000	0	18020605	试炼6-5掉落	385
17030265	六品龙麟	fjwf04.png	40级橙色物理防具	40	2	1	6	0	0	40	2	1000	1	1	0	0	1157	1292	0	0	0	0	1514	1685	0	200000	18020605	试炼6-5掉落	450
17030266	六品龙麟+	fjwf04.png	40级橙色+1物理防具	40	2	1	7	0	0	40	2	5000	1	1	0	0	1440	1581	0	0	0	0	1885	2061	0	300000	18020605	试炼6-5掉落	515
17030267	六品镜芒	fjff04.png	40级绿色法术防具	40	2	2	1	0	0	40	2	100	1	1	0	0	0	0	0	0	397	426	520	556	10000	0	18020505	试炼5-5掉落	125
17030268	六品镜芒	fjff04.png	40级蓝色法术防具	40	2	2	2	0	0	40	2	150	1	1	0	0	0	0	0	0	477	512	624	668	50000	0	18020505	试炼5-5掉落	190
17030269	六品镜芒+	fjff04.png	40级蓝色+1法术防具	40	2	2	3	0	0	40	2	200	1	1	0	0	0	0	0	0	572	614	749	801	80000	0	18020505	试炼5-5掉落	255
17030270	六品镜芒	fjff04.png	40级紫色法术防具	40	2	2	4	0	0	40	2	250	1	1	0	0	0	0	0	0	681	804	892	1049	100000	0	18020505	试炼5-5掉落	320
17030271	六品镜芒+	fjff04.png	40级紫色+1法术防具	40	2	2	5	0	0	40	2	500	1	1	0	0	0	0	0	0	908	1035	1189	1350	150000	0	18020505	试炼5-5掉落	385
17030272	六品镜芒	fjff04.png	40级橙色法术防具	40	2	2	6	0	0	40	2	1000	1	1	0	0	0	0	0	0	1157	1292	1514	1685	0	200000	18020505	试炼5-5掉落	450
17030273	六品镜芒+	fjff04.png	40级橙色+1法术防具	40	2	2	7	0	0	40	2	5000	1	1	0	0	0	0	0	0	1440	1581	1885	2061	0	300000	18020505	试炼5-5掉落	515
17030274	六品赤兔	mwg04.png	40级绿色物攻马	40	3	0	1	0	1;2	40	2	100	1	1	520	556	0	0	0	0	0	0	260	278	10000	0	18020604	试炼6-4掉落	125
17030275	六品赤兔	mwg04.png	40级蓝色物攻马	40	3	0	2	0	1;2	40	2	150	1	1	624	668	0	0	0	0	0	0	312	334	50000	0	18020604	试炼6-4掉落	190
17030276	六品赤兔+	mwg04.png	40级蓝色+1物攻马	40	3	0	3	0	1;2	40	2	200	1	1	749	801	0	0	0	0	0	0	374	400	80000	0	18020604	试炼6-4掉落	255
17030277	六品赤兔	mwg04.png	40级紫色物攻马	40	3	0	4	0	1;2	40	2	250	1	1	892	1049	0	0	0	0	0	0	446	524	100000	0	18020604	试炼6-4掉落	320
17030278	六品赤兔+	mwg04.png	40级紫色+1物攻马	40	3	0	5	0	1;2	40	2	500	1	1	1189	1350	0	0	0	0	0	0	594	675	150000	0	18020604	试炼6-4掉落	385
17030279	六品赤兔	mwg04.png	40级橙色物攻马	40	3	0	6	0	1;2	40	2	1000	1	1	1514	1685	0	0	0	0	0	0	757	842	0	200000	18020604	试炼6-4掉落	450
17030280	六品赤兔+	mwg04.png	40级橙色+1物攻马	40	3	0	7	0	1;2	40	2	5000	1	1	1885	2061	0	0	0	0	0	0	942	1030	0	300000	18020604	试炼6-4掉落	515
17030281	六品飞电	mfg04.png	40级绿色法攻马	40	3	0	1	0	3	40	2	100	1	1	0	0	0	0	487	522	0	0	260	278	10000	0	18020602	试炼6-2掉落	125
17030282	六品飞电	mfg04.png	40级蓝色法攻马	40	3	0	2	0	3	40	2	150	1	1	0	0	0	0	584	627	0	0	312	334	50000	0	18020602	试炼6-2掉落	190
17030283	六品飞电+	mfg04.png	40级蓝色+1法攻马	40	3	0	3	0	3	40	2	200	1	1	0	0	0	0	701	752	0	0	374	400	80000	0	18020602	试炼6-2掉落	255
17030284	六品飞电	mfg04.png	40级紫色法攻马	40	3	0	4	0	3	40	2	250	1	1	0	0	0	0	834	985	0	0	446	524	100000	0	18020602	试炼6-2掉落	320
17030285	六品飞电+	mfg04.png	40级紫色+1法攻马	40	3	0	5	0	3	40	2	500	1	1	0	0	0	0	1112	1268	0	0	594	675	150000	0	18020602	试炼6-2掉落	385
17030286	六品飞电	mfg04.png	40级橙色法攻马	40	3	0	6	0	3	40	2	1000	1	1	0	0	0	0	1416	1582	0	0	757	842	0	200000	18020602	试炼6-2掉落	450
17030287	六品飞电+	mfg04.png	40级橙色+1法攻马	40	3	0	7	0	3	40	2	5000	1	1	0	0	0	0	1763	1936	0	0	942	1030	0	300000	18020602	试炼6-2掉落	515
17030288	六品的卢	mwf04.png	40级绿色物防马	40	3	0	1	0	0	40	2	100	1	1	0	0	198	213	0	0	0	0	2080	2224	10000	0	18020506	试炼5-6掉落	125
17030289	六品的卢	mwf04.png	40级蓝色物防马	40	3	0	2	0	0	40	2	150	1	1	0	0	238	256	0	0	0	0	2496	2672	50000	0	18020506	试炼5-6掉落	190
17030290	六品的卢+	mwf04.png	40级蓝色+1物防马	40	3	0	3	0	0	40	2	200	1	1	0	0	286	307	0	0	0	0	2996	3204	80000	0	18020506	试炼5-6掉落	255
17030291	六品的卢	mwf04.png	40级紫色物防马	40	3	0	4	0	0	40	2	250	1	1	0	0	340	402	0	0	0	0	3568	4196	100000	0	18020506	试炼5-6掉落	320
17030292	六品的卢+	mwf04.png	40级紫色+1物防马	40	3	0	5	0	0	40	2	500	1	1	0	0	454	517	0	0	0	0	4756	5400	150000	0	18020506	试炼5-6掉落	385
17030293	六品的卢	mwf04.png	40级橙色物防马	40	3	0	6	0	0	40	2	1000	1	1	0	0	578	646	0	0	0	0	6056	6740	0	200000	18020506	试炼5-6掉落	450
17030294	六品的卢+	mwf04.png	40级橙色+1物防马	40	3	0	7	0	0	40	2	5000	1	1	0	0	720	790	0	0	0	0	7540	8244	0	300000	18020506	试炼5-6掉落	515
17030295	六品绝影	mff04.png	40级绿色法防马	40	3	0	1	0	0	40	2	100	1	1	0	0	0	0	0	0	198	213	2080	2224	10000	0	18020606	试炼6-6掉落	125
17030296	六品绝影	mff04.png	40级蓝色法防马	40	3	0	2	0	0	40	2	150	1	1	0	0	0	0	0	0	238	256	2496	2672	50000	0	18020606	试炼6-6掉落	190
17030297	六品绝影+	mff04.png	40级蓝色+1法防马	40	3	0	3	0	0	40	2	200	1	1	0	0	0	0	0	0	286	307	2996	3204	80000	0	18020606	试炼6-6掉落	255
17030298	六品绝影	mff04.png	40级紫色法防马	40	3	0	4	0	0	40	2	250	1	1	0	0	0	0	0	0	340	402	3568	4196	100000	0	18020606	试炼6-6掉落	320
17030299	六品绝影+	mff04.png	40级紫色+1法防马	40	3	0	5	0	0	40	2	500	1	1	0	0	0	0	0	0	454	517	4756	5400	150000	0	18020606	试炼6-6掉落	385
17030300	六品绝影	mff04.png	40级橙色法防马	40	3	0	6	0	0	40	2	1000	1	1	0	0	0	0	0	0	578	646	6056	6740	0	200000	18020606	试炼6-6掉落	450
17030301	六品绝影+	mff04.png	40级橙色+1法防马	40	3	0	7	0	0	40	2	5000	1	1	0	0	0	0	0	0	720	790	7540	8244	0	300000	18020606	试炼6-6掉落	515
17030302	五品龙胆	wqjz05.png	45级绿色近战武器	45	1	1	1	0	1	45	2	100	1	1	868	928	86	92	0	0	0	0	0	0	10000	0	18020701	试炼7-1掉落	150
17030303	五品龙胆	wqjz05.png	45级蓝色近战武器	45	1	1	2	0	1	45	2	150	1	1	1042	1114	104	111	0	0	0	0	0	0	50000	0	18020701	试炼7-1掉落	220
17030304	五品龙胆+	wqjz05.png	45级蓝色+1近战武器	45	1	1	3	0	1	45	2	200	1	1	1250	1337	125	133	0	0	0	0	0	0	80000	0	18020701	试炼7-1掉落	290
17030305	五品龙胆	wqjz05.png	45级紫色近战武器	45	1	1	4	0	1	45	2	250	1	1	1488	1750	148	175	0	0	0	0	0	0	100000	0	18020701	试炼7-1掉落	360
17030306	五品龙胆+	wqjz05.png	45级紫色+1近战武器	45	1	1	5	0	1	45	2	500	1	1	1984	2252	198	225	0	0	0	0	0	0	150000	0	18020701	试炼7-1掉落	430
17030307	五品龙胆	wqjz05.png	45级橙色近战武器	45	1	1	6	0	1	45	2	1000	1	1	2527	2811	252	281	0	0	0	0	0	0	0	200000	18020701	试炼7-1掉落	500
17030308	五品龙胆+	wqjz05.png	45级橙色+1近战武器	45	1	1	7	0	1	45	2	5000	1	1	3146	3439	314	343	0	0	0	0	0	0	0	300000	18020701	试炼7-1掉落	570
17030309	五品易经	wqms05.png	45级绿色谋士武器	45	1	3	1	0	3	45	2	100	1	1	0	0	0	0	1064	1137	0	0	0	0	10000	0	18020706	试炼7-6掉落	150
17030310	五品易经	wqms05.png	45级蓝色谋士武器	45	1	3	2	0	3	45	2	150	1	1	0	0	0	0	1276	1365	0	0	0	0	50000	0	18020706	试炼7-6掉落	220
17030311	五品易经+	wqms05.png	45级蓝色+1谋士武器	45	1	3	3	0	3	45	2	200	1	1	0	0	0	0	1531	1638	0	0	0	0	80000	0	18020706	试炼7-6掉落	290
17030312	五品易经	wqms05.png	45级紫色谋士武器	45	1	3	4	0	3	45	2	250	1	1	0	0	0	0	1822	2144	0	0	0	0	100000	0	18020706	试炼7-6掉落	360
17030313	五品易经+	wqms05.png	45级紫色+1谋士武器	45	1	3	5	0	3	45	2	500	1	1	0	0	0	0	2430	2759	0	0	0	0	150000	0	18020706	试炼7-6掉落	430
17030314	五品易经	wqms05.png	45级橙色谋士武器	45	1	3	6	0	3	45	2	1000	1	1	0	0	0	0	3095	3444	0	0	0	0	0	200000	18020706	试炼7-6掉落	500
17030315	五品易经+	wqms05.png	45级橙色+1谋士武器	45	1	3	7	0	3	45	2	5000	1	1	0	0	0	0	3853	4213	0	0	0	0	0	300000	18020706	试炼7-6掉落	570
17030316	五品落月	wqyc05.png	45级绿色远程武器	45	1	2	1	0	2	45	2	100	1	1	1131	1206	0	0	0	0	0	0	0	0	10000	0	18020704	试炼7-4掉落	150
17030317	五品落月	wqyc05.png	45级蓝色远程武器	45	1	2	2	0	2	45	2	150	1	1	1358	1447	0	0	0	0	0	0	0	0	50000	0	18020704	试炼7-4掉落	220
17030318	五品落月+	wqyc05.png	45级蓝色+1远程武器	45	1	2	3	0	2	45	2	200	1	1	1629	1736	0	0	0	0	0	0	0	0	80000	0	18020704	试炼7-4掉落	290
17030319	五品落月	wqyc05.png	45级紫色远程武器	45	1	2	4	0	2	45	2	250	1	1	1939	2273	0	0	0	0	0	0	0	0	100000	0	18020704	试炼7-4掉落	360
17030320	五品落月+	wqyc05.png	45级紫色+1远程武器	45	1	2	5	0	2	45	2	500	1	1	2585	2925	0	0	0	0	0	0	0	0	150000	0	18020704	试炼7-4掉落	430
17030321	五品落月	wqyc05.png	45级橙色远程武器	45	1	2	6	0	2	45	2	1000	1	1	3293	3651	0	0	0	0	0	0	0	0	0	200000	18020704	试炼7-4掉落	500
17030322	五品落月+	wqyc05.png	45级橙色+1远程武器	45	1	2	7	0	2	45	2	5000	1	1	4099	4467	0	0	0	0	0	0	0	0	0	300000	18020704	试炼7-4掉落	570
17030323	五品龙麟	fjwf05.png	45级绿色物理防具	45	2	1	1	0	0	45	2	100	1	1	0	0	434	464	0	0	0	0	565	603	10000	0	18020802	试炼8-2掉落	150
17030324	五品龙麟	fjwf05.png	45级蓝色物理防具	45	2	1	2	0	0	45	2	150	1	1	0	0	521	557	0	0	0	0	679	723	50000	0	18020802	试炼8-2掉落	220
17030325	五品龙麟+	fjwf05.png	45级蓝色+1物理防具	45	2	1	3	0	0	45	2	200	1	1	0	0	625	668	0	0	0	0	814	868	80000	0	18020802	试炼8-2掉落	290
17030326	五品龙麟	fjwf05.png	45级紫色物理防具	45	2	1	4	0	0	45	2	250	1	1	0	0	744	875	0	0	0	0	969	1136	100000	0	18020802	试炼8-2掉落	360
17030327	五品龙麟+	fjwf05.png	45级紫色+1物理防具	45	2	1	5	0	0	45	2	500	1	1	0	0	992	1126	0	0	0	0	1292	1462	150000	0	18020802	试炼8-2掉落	430
17030328	五品龙麟	fjwf05.png	45级橙色物理防具	45	2	1	6	0	0	45	2	1000	1	1	0	0	1263	1405	0	0	0	0	1646	1825	0	200000	18020802	试炼8-2掉落	500
17030329	五品龙麟+	fjwf05.png	45级橙色+1物理防具	45	2	1	7	0	0	45	2	5000	1	1	0	0	1573	1719	0	0	0	0	2049	2233	0	300000	18020802	试炼8-2掉落	570
17030330	五品镜芒	fjff05.png	45级绿色法术防具	45	2	2	1	0	0	45	2	100	1	1	0	0	0	0	0	0	434	464	565	603	10000	0	18020702	试炼7-2掉落	150
17030331	五品镜芒	fjff05.png	45级蓝色法术防具	45	2	2	2	0	0	45	2	150	1	1	0	0	0	0	0	0	521	557	679	723	50000	0	18020702	试炼7-2掉落	220
17030332	五品镜芒+	fjff05.png	45级蓝色+1法术防具	45	2	2	3	0	0	45	2	200	1	1	0	0	0	0	0	0	625	668	814	868	80000	0	18020702	试炼7-2掉落	290
17030333	五品镜芒	fjff05.png	45级紫色法术防具	45	2	2	4	0	0	45	2	250	1	1	0	0	0	0	0	0	744	875	969	1136	100000	0	18020702	试炼7-2掉落	360
17030334	五品镜芒+	fjff05.png	45级紫色+1法术防具	45	2	2	5	0	0	45	2	500	1	1	0	0	0	0	0	0	992	1126	1292	1462	150000	0	18020702	试炼7-2掉落	430
17030335	五品镜芒	fjff05.png	45级橙色法术防具	45	2	2	6	0	0	45	2	1000	1	1	0	0	0	0	0	0	1263	1405	1646	1825	0	200000	18020702	试炼7-2掉落	500
17030336	五品镜芒+	fjff05.png	45级橙色+1法术防具	45	2	2	7	0	0	45	2	5000	1	1	0	0	0	0	0	0	1573	1719	2049	2233	0	300000	18020702	试炼7-2掉落	570
17030337	五品赤兔	mwg05.png	45级绿色物攻马	45	3	0	1	0	1;2	45	2	100	1	1	565	603	0	0	0	0	0	0	282	301	10000	0	18020604	试炼6-4掉落	150
17030338	五品赤兔	mwg05.png	45级蓝色物攻马	45	3	0	2	0	1;2	45	2	150	1	1	679	723	0	0	0	0	0	0	339	361	50000	0	18020604	试炼6-4掉落	220
17030339	五品赤兔+	mwg05.png	45级蓝色+1物攻马	45	3	0	3	0	1;2	45	2	200	1	1	814	868	0	0	0	0	0	0	407	434	80000	0	18020604	试炼6-4掉落	290
17030340	五品赤兔	mwg05.png	45级紫色物攻马	45	3	0	4	0	1;2	45	2	250	1	1	969	1136	0	0	0	0	0	0	484	568	100000	0	18020604	试炼6-4掉落	360
17030341	五品赤兔+	mwg05.png	45级紫色+1物攻马	45	3	0	5	0	1;2	45	2	500	1	1	1292	1462	0	0	0	0	0	0	646	731	150000	0	18020604	试炼6-4掉落	430
17030342	五品赤兔	mwg05.png	45级橙色物攻马	45	3	0	6	0	1;2	45	2	1000	1	1	1646	1825	0	0	0	0	0	0	823	912	0	200000	18020604	试炼6-4掉落	500
17030343	五品赤兔+	mwg05.png	45级橙色+1物攻马	45	3	0	7	0	1;2	45	2	5000	1	1	2049	2233	0	0	0	0	0	0	1024	1116	0	300000	18020604	试炼6-4掉落	570
17030344	五品飞电	mfg05.png	45级绿色法攻马	45	3	0	1	0	3	45	2	100	1	1	0	0	0	0	532	568	0	0	282	301	10000	0	18020602	试炼6-2掉落	150
17030345	五品飞电	mfg05.png	45级蓝色法攻马	45	3	0	2	0	3	45	2	150	1	1	0	0	0	0	638	682	0	0	339	361	50000	0	18020602	试炼6-2掉落	220
17030346	五品飞电+	mfg05.png	45级蓝色+1法攻马	45	3	0	3	0	3	45	2	200	1	1	0	0	0	0	765	819	0	0	407	434	80000	0	18020602	试炼6-2掉落	290
17030347	五品飞电	mfg05.png	45级紫色法攻马	45	3	0	4	0	3	45	2	250	1	1	0	0	0	0	911	1072	0	0	484	568	100000	0	18020602	试炼6-2掉落	360
17030348	五品飞电+	mfg05.png	45级紫色+1法攻马	45	3	0	5	0	3	45	2	500	1	1	0	0	0	0	1215	1379	0	0	646	731	150000	0	18020602	试炼6-2掉落	430
17030349	五品飞电	mfg05.png	45级橙色法攻马	45	3	0	6	0	3	45	2	1000	1	1	0	0	0	0	1547	1722	0	0	823	912	0	200000	18020602	试炼6-2掉落	500
17030350	五品飞电+	mfg05.png	45级橙色+1法攻马	45	3	0	7	0	3	45	2	5000	1	1	0	0	0	0	1926	2106	0	0	1024	1116	0	300000	18020602	试炼6-2掉落	570
17030351	五品的卢	mwf05.png	45级绿色物防马	45	3	0	1	0	0	45	2	100	1	1	0	0	217	232	0	0	0	0	2260	2412	10000	0	18020506	试炼5-6掉落	150
17030352	五品的卢	mwf05.png	45级蓝色物防马	45	3	0	2	0	0	45	2	150	1	1	0	0	260	278	0	0	0	0	2716	2892	50000	0	18020506	试炼5-6掉落	220
17030353	五品的卢+	mwf05.png	45级蓝色+1物防马	45	3	0	3	0	0	45	2	200	1	1	0	0	312	334	0	0	0	0	3256	3472	80000	0	18020506	试炼5-6掉落	290
17030354	五品的卢	mwf05.png	45级紫色物防马	45	3	0	4	0	0	45	2	250	1	1	0	0	372	437	0	0	0	0	3876	4544	100000	0	18020506	试炼5-6掉落	360
17030355	五品的卢+	mwf05.png	45级紫色+1物防马	45	3	0	5	0	0	45	2	500	1	1	0	0	496	563	0	0	0	0	5168	5848	150000	0	18020506	试炼5-6掉落	430
17030356	五品的卢	mwf05.png	45级橙色物防马	45	3	0	6	0	0	45	2	1000	1	1	0	0	631	702	0	0	0	0	6584	7300	0	200000	18020506	试炼5-6掉落	500
17030357	五品的卢+	mwf05.png	45级橙色+1物防马	45	3	0	7	0	0	45	2	5000	1	1	0	0	786	859	0	0	0	0	8196	8932	0	300000	18020506	试炼5-6掉落	570
17030358	五品绝影	mff05.png	45级绿色法防马	45	3	0	1	0	0	45	2	100	1	1	0	0	0	0	0	0	217	232	2260	2412	10000	0	18020606	试炼6-6掉落	150
17030359	五品绝影	mff05.png	45级蓝色法防马	45	3	0	2	0	0	45	2	150	1	1	0	0	0	0	0	0	260	278	2716	2892	50000	0	18020606	试炼6-6掉落	220
17030360	五品绝影+	mff05.png	45级蓝色+1法防马	45	3	0	3	0	0	45	2	200	1	1	0	0	0	0	0	0	312	334	3256	3472	80000	0	18020606	试炼6-6掉落	290
17030361	五品绝影	mff05.png	45级紫色法防马	45	3	0	4	0	0	45	2	250	1	1	0	0	0	0	0	0	372	437	3876	4544	100000	0	18020606	试炼6-6掉落	360
17030362	五品绝影+	mff05.png	45级紫色+1法防马	45	3	0	5	0	0	45	2	500	1	1	0	0	0	0	0	0	496	563	5168	5848	150000	0	18020606	试炼6-6掉落	430
17030363	五品绝影	mff05.png	45级橙色法防马	45	3	0	6	0	0	45	2	1000	1	1	0	0	0	0	0	0	631	702	6584	7300	0	200000	18020606	试炼6-6掉落	500
17030364	五品绝影+	mff05.png	45级橙色+1法防马	45	3	0	7	0	0	45	2	5000	1	1	0	0	0	0	0	0	786	859	8196	8932	0	300000	18020606	试炼6-6掉落	570
17030365	四品龙胆	wqjz06.png	50级绿色近战武器	50	1	1	1	0	1	50	2	100	1	1	943	1021	94	102	0	0	0	0	0	0	10000	0	18020804	试炼8-4掉落	180
17030366	四品龙胆	wqjz06.png	50级蓝色近战武器	50	1	1	2	0	1	50	2	150	1	1	1132	1225	113	122	0	0	0	0	0	0	50000	0	18020804	试炼8-4掉落	255
17030367	四品龙胆+	wqjz06.png	50级蓝色+1近战武器	50	1	1	3	0	1	50	2	200	1	1	1358	1470	135	147	0	0	0	0	0	0	80000	0	18020804	试炼8-4掉落	330
17030368	四品龙胆	wqjz06.png	50级紫色近战武器	50	1	1	4	0	1	50	2	250	1	1	1616	1925	161	192	0	0	0	0	0	0	100000	0	18020804	试炼8-4掉落	405
17030369	四品龙胆+	wqjz06.png	50级紫色+1近战武器	50	1	1	5	0	1	50	2	500	1	1	2155	2478	215	247	0	0	0	0	0	0	150000	0	18020804	试炼8-4掉落	480
17030370	四品龙胆	wqjz06.png	50级橙色近战武器	50	1	1	6	0	1	50	2	1000	1	1	2745	3092	274	309	0	0	0	0	0	0	0	200000	18020804	试炼8-4掉落	555
17030371	四品龙胆+	wqjz06.png	50级橙色+1近战武器	50	1	1	7	0	1	50	2	5000	1	1	3417	3783	341	378	0	0	0	0	0	0	0	300000	18020804	试炼8-4掉落	630
17030372	四品易经	wqms06.png	50级绿色谋士武器	50	1	3	1	0	3	50	2	100	1	1	0	0	0	0	1156	1251	0	0	0	0	10000	0	18020903	试炼9-3掉落	180
17030373	四品易经	wqms06.png	50级蓝色谋士武器	50	1	3	2	0	3	50	2	150	1	1	0	0	0	0	1387	1502	0	0	0	0	50000	0	18020903	试炼9-3掉落	255
17030374	四品易经+	wqms06.png	50级蓝色+1谋士武器	50	1	3	3	0	3	50	2	200	1	1	0	0	0	0	1664	1802	0	0	0	0	80000	0	18020903	试炼9-3掉落	330
17030375	四品易经	wqms06.png	50级紫色谋士武器	50	1	3	4	0	3	50	2	250	1	1	0	0	0	0	1980	2359	0	0	0	0	100000	0	18020903	试炼9-3掉落	405
17030376	四品易经+	wqms06.png	50级紫色+1谋士武器	50	1	3	5	0	3	50	2	500	1	1	0	0	0	0	2641	3036	0	0	0	0	150000	0	18020903	试炼9-3掉落	480
17030377	四品易经	wqms06.png	50级橙色谋士武器	50	1	3	6	0	3	50	2	1000	1	1	0	0	0	0	3363	3789	0	0	0	0	0	200000	18020903	试炼9-3掉落	555
17030378	四品易经+	wqms06.png	50级橙色+1谋士武器	50	1	3	7	0	3	50	2	5000	1	1	0	0	0	0	4186	4636	0	0	0	0	0	300000	18020903	试炼9-3掉落	630
17030379	四品落月	wqyc06.png	50级绿色远程武器	50	1	2	1	0	2	50	2	100	1	1	1224	1321	0	0	0	0	0	0	0	0	10000	0	18020901	试炼9-1掉落	180
17030380	四品落月	wqyc06.png	50级蓝色远程武器	50	1	2	2	0	2	50	2	150	1	1	1469	1585	0	0	0	0	0	0	0	0	50000	0	18020901	试炼9-1掉落	255
17030381	四品落月+	wqyc06.png	50级蓝色+1远程武器	50	1	2	3	0	2	50	2	200	1	1	1763	1902	0	0	0	0	0	0	0	0	80000	0	18020901	试炼9-1掉落	330
17030382	四品落月	wqyc06.png	50级紫色远程武器	50	1	2	4	0	2	50	2	250	1	1	2098	2490	0	0	0	0	0	0	0	0	100000	0	18020901	试炼9-1掉落	405
17030383	四品落月+	wqyc06.png	50级紫色+1远程武器	50	1	2	5	0	2	50	2	500	1	1	2797	3205	0	0	0	0	0	0	0	0	150000	0	18020901	试炼9-1掉落	480
17030384	四品落月	wqyc06.png	50级橙色远程武器	50	1	2	6	0	2	50	2	1000	1	1	3562	4000	0	0	0	0	0	0	0	0	0	200000	18020901	试炼9-1掉落	555
17030385	四品落月+	wqyc06.png	50级橙色+1远程武器	50	1	2	7	0	2	50	2	5000	1	1	4435	4894	0	0	0	0	0	0	0	0	0	300000	18020901	试炼9-1掉落	630
17030386	四品龙麟	fjwf06.png	50级绿色物理防具	50	2	1	1	0	0	50	2	100	1	1	0	0	471	510	0	0	0	0	612	660	10000	0	18020905	试炼9-5掉落	180
17030387	四品龙麟	fjwf06.png	50级蓝色物理防具	50	2	1	2	0	0	50	2	150	1	1	0	0	566	612	0	0	0	0	734	792	50000	0	18020905	试炼9-5掉落	255
17030388	四品龙麟+	fjwf06.png	50级蓝色+1物理防具	50	2	1	3	0	0	50	2	200	1	1	0	0	679	735	0	0	0	0	881	951	80000	0	18020905	试炼9-5掉落	330
17030389	四品龙麟	fjwf06.png	50级紫色物理防具	50	2	1	4	0	0	50	2	250	1	1	0	0	808	962	0	0	0	0	1049	1245	100000	0	18020905	试炼9-5掉落	405
17030390	四品龙麟+	fjwf06.png	50级紫色+1物理防具	50	2	1	5	0	0	50	2	500	1	1	0	0	1077	1239	0	0	0	0	1398	1602	150000	0	18020905	试炼9-5掉落	480
17030391	四品龙麟	fjwf06.png	50级橙色物理防具	50	2	1	6	0	0	50	2	1000	1	1	0	0	1372	1546	0	0	0	0	1781	2000	0	200000	18020905	试炼9-5掉落	555
17030392	四品龙麟+	fjwf06.png	50级橙色+1物理防具	50	2	1	7	0	0	50	2	5000	1	1	0	0	1708	1891	0	0	0	0	2217	2447	0	300000	18020905	试炼9-5掉落	630
17030393	四品镜芒	fjff06.png	50级绿色法术防具	50	2	2	1	0	0	50	2	100	1	1	0	0	0	0	0	0	471	510	612	660	10000	0	18020805	试炼8-5掉落	180
17030394	四品镜芒	fjff06.png	50级蓝色法术防具	50	2	2	2	0	0	50	2	150	1	1	0	0	0	0	0	0	566	612	734	792	50000	0	18020805	试炼8-5掉落	255
17030395	四品镜芒+	fjff06.png	50级蓝色+1法术防具	50	2	2	3	0	0	50	2	200	1	1	0	0	0	0	0	0	679	735	881	951	80000	0	18020805	试炼8-5掉落	330
17030396	四品镜芒	fjff06.png	50级紫色法术防具	50	2	2	4	0	0	50	2	250	1	1	0	0	0	0	0	0	808	962	1049	1245	100000	0	18020805	试炼8-5掉落	405
17030397	四品镜芒+	fjff06.png	50级紫色+1法术防具	50	2	2	5	0	0	50	2	500	1	1	0	0	0	0	0	0	1077	1239	1398	1602	150000	0	18020805	试炼8-5掉落	480
17030398	四品镜芒	fjff06.png	50级橙色法术防具	50	2	2	6	0	0	50	2	1000	1	1	0	0	0	0	0	0	1372	1546	1781	2000	0	200000	18020805	试炼8-5掉落	555
17030399	四品镜芒+	fjff06.png	50级橙色+1法术防具	50	2	2	7	0	0	50	2	5000	1	1	0	0	0	0	0	0	1708	1891	2217	2447	0	300000	18020805	试炼8-5掉落	630
17030400	四品赤兔	mwg06.png	50级绿色物攻马	50	3	0	1	0	1;2	50	2	100	1	1	612	660	0	0	0	0	0	0	306	330	10000	0	18020904	试炼9-4掉落	180
17030401	四品赤兔	mwg06.png	50级蓝色物攻马	50	3	0	2	0	1;2	50	2	150	1	1	734	792	0	0	0	0	0	0	367	396	50000	0	18020904	试炼9-4掉落	255
17030402	四品赤兔+	mwg06.png	50级蓝色+1物攻马	50	3	0	3	0	1;2	50	2	200	1	1	881	951	0	0	0	0	0	0	440	475	80000	0	18020904	试炼9-4掉落	330
17030403	四品赤兔	mwg06.png	50级紫色物攻马	50	3	0	4	0	1;2	50	2	250	1	1	1049	1245	0	0	0	0	0	0	524	622	100000	0	18020904	试炼9-4掉落	405
17030404	四品赤兔+	mwg06.png	50级紫色+1物攻马	50	3	0	5	0	1;2	50	2	500	1	1	1398	1602	0	0	0	0	0	0	699	801	150000	0	18020904	试炼9-4掉落	480
17030405	四品赤兔	mwg06.png	50级橙色物攻马	50	3	0	6	0	1;2	50	2	1000	1	1	1781	2000	0	0	0	0	0	0	890	1000	0	200000	18020904	试炼9-4掉落	555
17030406	四品赤兔+	mwg06.png	50级橙色+1物攻马	50	3	0	7	0	1;2	50	2	5000	1	1	2217	2447	0	0	0	0	0	0	1108	1223	0	300000	18020904	试炼9-4掉落	630
17030407	四品飞电	mfg06.png	50级绿色法攻马	50	3	0	1	0	3	50	2	100	1	1	0	0	0	0	578	625	0	0	306	330	10000	0	18020902	试炼9-2掉落	180
17030408	四品飞电	mfg06.png	50级蓝色法攻马	50	3	0	2	0	3	50	2	150	1	1	0	0	0	0	693	751	0	0	367	396	50000	0	18020902	试炼9-2掉落	255
17030409	四品飞电+	mfg06.png	50级蓝色+1法攻马	50	3	0	3	0	3	50	2	200	1	1	0	0	0	0	832	901	0	0	440	475	80000	0	18020902	试炼9-2掉落	330
17030410	四品飞电	mfg06.png	50级紫色法攻马	50	3	0	4	0	3	50	2	250	1	1	0	0	0	0	990	1179	0	0	524	622	100000	0	18020902	试炼9-2掉落	405
17030411	四品飞电+	mfg06.png	50级紫色+1法攻马	50	3	0	5	0	3	50	2	500	1	1	0	0	0	0	1320	1518	0	0	699	801	150000	0	18020902	试炼9-2掉落	480
17030412	四品飞电	mfg06.png	50级橙色法攻马	50	3	0	6	0	3	50	2	1000	1	1	0	0	0	0	1681	1894	0	0	890	1000	0	200000	18020902	试炼9-2掉落	555
17030413	四品飞电+	mfg06.png	50级橙色+1法攻马	50	3	0	7	0	3	50	2	5000	1	1	0	0	0	0	2093	2318	0	0	1108	1223	0	300000	18020902	试炼9-2掉落	630
17030414	四品的卢	mwf06.png	50级绿色物防马	50	3	0	1	0	0	50	2	100	1	1	0	0	235	255	0	0	0	0	2448	2640	10000	0	18020806	试炼8-6掉落	180
17030415	四品的卢	mwf06.png	50级蓝色物防马	50	3	0	2	0	0	50	2	150	1	1	0	0	283	306	0	0	0	0	2936	3168	50000	0	18020806	试炼8-6掉落	255
17030416	四品的卢+	mwf06.png	50级蓝色+1物防马	50	3	0	3	0	0	50	2	200	1	1	0	0	339	367	0	0	0	0	3524	3804	80000	0	18020806	试炼8-6掉落	330
17030417	四品的卢	mwf06.png	50级紫色物防马	50	3	0	4	0	0	50	2	250	1	1	0	0	404	481	0	0	0	0	4196	4980	100000	0	18020806	试炼8-6掉落	405
17030418	四品的卢+	mwf06.png	50级紫色+1物防马	50	3	0	5	0	0	50	2	500	1	1	0	0	538	619	0	0	0	0	5592	6408	150000	0	18020806	试炼8-6掉落	480
17030419	四品的卢	mwf06.png	50级橙色物防马	50	3	0	6	0	0	50	2	1000	1	1	0	0	686	773	0	0	0	0	7124	8000	0	200000	18020806	试炼8-6掉落	555
17030420	四品的卢+	mwf06.png	50级橙色+1物防马	50	3	0	7	0	0	50	2	5000	1	1	0	0	854	945	0	0	0	0	8868	9788	0	300000	18020806	试炼8-6掉落	630
17030421	四品绝影	mff06.png	50级绿色法防马	50	3	0	1	0	0	50	2	100	1	1	0	0	0	0	0	0	235	255	2448	2640	10000	0	18020906	试炼9-6掉落	180
17030422	四品绝影	mff06.png	50级蓝色法防马	50	3	0	2	0	0	50	2	150	1	1	0	0	0	0	0	0	283	306	2936	3168	50000	0	18020906	试炼9-6掉落	255
17030423	四品绝影+	mff06.png	50级蓝色+1法防马	50	3	0	3	0	0	50	2	200	1	1	0	0	0	0	0	0	339	367	3524	3804	80000	0	18020906	试炼9-6掉落	330
17030424	四品绝影	mff06.png	50级紫色法防马	50	3	0	4	0	0	50	2	250	1	1	0	0	0	0	0	0	404	481	4196	4980	100000	0	18020906	试炼9-6掉落	405
17030425	四品绝影+	mff06.png	50级紫色+1法防马	50	3	0	5	0	0	50	2	500	1	1	0	0	0	0	0	0	538	619	5592	6408	150000	0	18020906	试炼9-6掉落	480
17030426	四品绝影	mff06.png	50级橙色法防马	50	3	0	6	0	0	50	2	1000	1	1	0	0	0	0	0	0	686	773	7124	8000	0	200000	18020906	试炼9-6掉落	555
17030427	四品绝影+	mff06.png	50级橙色+1法防马	50	3	0	7	0	0	50	2	5000	1	1	0	0	0	0	0	0	854	945	8868	9788	0	300000	18020906	试炼9-6掉落	630
17030428	三品龙胆	wqjz07.png	55级绿色近战武器	55	1	1	1	0	1	55	2	100	1	1	1045	1141	104	114	0	0	0	0	0	0	10000	0	18021001	试炼10-1掉落	215
17030429	三品龙胆	wqjz07.png	55级蓝色近战武器	55	1	1	2	0	1	55	2	150	1	1	1254	1369	125	136	0	0	0	0	0	0	50000	0	18021001	试炼10-1掉落	295
17030430	三品龙胆+	wqjz07.png	55级蓝色+1近战武器	55	1	1	3	0	1	55	2	200	1	1	1505	1642	150	164	0	0	0	0	0	0	80000	0	18021001	试炼10-1掉落	375
17030431	三品龙胆	wqjz07.png	55级紫色近战武器	55	1	1	4	0	1	55	2	250	1	1	1791	2150	179	215	0	0	0	0	0	0	100000	0	18021001	试炼10-1掉落	455
17030432	三品龙胆+	wqjz07.png	55级紫色+1近战武器	55	1	1	5	0	1	55	2	500	1	1	2388	2768	238	276	0	0	0	0	0	0	150000	0	18021001	试炼10-1掉落	535
17030433	三品龙胆	wqjz07.png	55级橙色近战武器	55	1	1	6	0	1	55	2	1000	1	1	3041	3454	304	345	0	0	0	0	0	0	0	200000	18021001	试炼10-1掉落	615
17030434	三品龙胆+	wqjz07.png	55级橙色+1近战武器	55	1	1	7	0	1	55	2	5000	1	1	3785	4226	378	422	0	0	0	0	0	0	0	300000	18021001	试炼10-1掉落	695
17030435	三品易经	wqms07.png	55级绿色谋士武器	55	1	3	1	0	3	55	2	100	1	1	0	0	0	0	1281	1398	0	0	0	0	10000	0	18021006	试炼10-6掉落	215
17030436	三品易经	wqms07.png	55级蓝色谋士武器	55	1	3	2	0	3	55	2	150	1	1	0	0	0	0	1537	1678	0	0	0	0	50000	0	18021006	试炼10-6掉落	295
17030437	三品易经+	wqms07.png	55级蓝色+1谋士武器	55	1	3	3	0	3	55	2	200	1	1	0	0	0	0	1844	2013	0	0	0	0	80000	0	18021006	试炼10-6掉落	375
17030438	三品易经	wqms07.png	55级紫色谋士武器	55	1	3	4	0	3	55	2	250	1	1	0	0	0	0	2195	2636	0	0	0	0	100000	0	18021006	试炼10-6掉落	455
17030439	三品易经+	wqms07.png	55级紫色+1谋士武器	55	1	3	5	0	3	55	2	500	1	1	0	0	0	0	2926	3393	0	0	0	0	150000	0	18021006	试炼10-6掉落	535
17030440	三品易经	wqms07.png	55级橙色谋士武器	55	1	3	6	0	3	55	2	1000	1	1	0	0	0	0	3727	4234	0	0	0	0	0	200000	18021006	试炼10-6掉落	615
17030441	三品易经+	wqms07.png	55级橙色+1谋士武器	55	1	3	7	0	3	55	2	5000	1	1	0	0	0	0	4639	5180	0	0	0	0	0	300000	18021006	试炼10-6掉落	695
17030442	三品落月	wqyc07.png	55级绿色远程武器	55	1	2	1	0	2	55	2	100	1	1	1351	1470	0	0	0	0	0	0	0	0	10000	0	18021004	试炼10-4掉落	215
17030443	三品落月	wqyc07.png	55级蓝色远程武器	55	1	2	2	0	2	55	2	150	1	1	1621	1764	0	0	0	0	0	0	0	0	50000	0	18021004	试炼10-4掉落	295
17030444	三品落月+	wqyc07.png	55级蓝色+1远程武器	55	1	2	3	0	2	55	2	200	1	1	1945	2117	0	0	0	0	0	0	0	0	80000	0	18021004	试炼10-4掉落	375
17030445	三品落月	wqyc07.png	55级紫色远程武器	55	1	2	4	0	2	55	2	250	1	1	2315	2772	0	0	0	0	0	0	0	0	100000	0	18021004	试炼10-4掉落	455
17030446	三品落月+	wqyc07.png	55级紫色+1远程武器	55	1	2	5	0	2	55	2	500	1	1	3087	3568	0	0	0	0	0	0	0	0	150000	0	18021004	试炼10-4掉落	535
17030447	三品落月	wqyc07.png	55级橙色远程武器	55	1	2	6	0	2	55	2	1000	1	1	3931	4453	0	0	0	0	0	0	0	0	0	200000	18021004	试炼10-4掉落	615
17030448	三品落月+	wqyc07.png	55级橙色+1远程武器	55	1	2	7	0	2	55	2	5000	1	1	4894	5448	0	0	0	0	0	0	0	0	0	300000	18021004	试炼10-4掉落	695
17030449	三品龙麟	fjwf07.png	55级绿色物理防具	55	2	1	1	0	0	55	2	100	1	1	0	0	522	570	0	0	0	0	675	735	10000	0	18021102	试炼11-2掉落	215
17030450	三品龙麟	fjwf07.png	55级蓝色物理防具	55	2	1	2	0	0	55	2	150	1	1	0	0	627	684	0	0	0	0	810	882	50000	0	18021102	试炼11-2掉落	295
17030451	三品龙麟+	fjwf07.png	55级蓝色+1物理防具	55	2	1	3	0	0	55	2	200	1	1	0	0	752	821	0	0	0	0	972	1058	80000	0	18021102	试炼11-2掉落	375
17030452	三品龙麟	fjwf07.png	55级紫色物理防具	55	2	1	4	0	0	55	2	250	1	1	0	0	895	1075	0	0	0	0	1157	1386	100000	0	18021102	试炼11-2掉落	455
17030453	三品龙麟+	fjwf07.png	55级紫色+1物理防具	55	2	1	5	0	0	55	2	500	1	1	0	0	1194	1384	0	0	0	0	1543	1784	150000	0	18021102	试炼11-2掉落	535
17030454	三品龙麟	fjwf07.png	55级橙色物理防具	55	2	1	6	0	0	55	2	1000	1	1	0	0	1520	1727	0	0	0	0	1965	2226	0	200000	18021102	试炼11-2掉落	615
17030455	三品龙麟+	fjwf07.png	55级橙色+1物理防具	55	2	1	7	0	0	55	2	5000	1	1	0	0	1892	2113	0	0	0	0	2447	2724	0	300000	18021102	试炼11-2掉落	695
17030456	三品镜芒	fjff07.png	55级绿色法术防具	55	2	2	1	0	0	55	2	100	1	1	0	0	0	0	0	0	522	570	675	735	10000	0	18021002	试炼10-2掉落	215
17030457	三品镜芒	fjff07.png	55级蓝色法术防具	55	2	2	2	0	0	55	2	150	1	1	0	0	0	0	0	0	627	684	810	882	50000	0	18021002	试炼10-2掉落	295
17030458	三品镜芒+	fjff07.png	55级蓝色+1法术防具	55	2	2	3	0	0	55	2	200	1	1	0	0	0	0	0	0	752	821	972	1058	80000	0	18021002	试炼10-2掉落	375
17030459	三品镜芒	fjff07.png	55级紫色法术防具	55	2	2	4	0	0	55	2	250	1	1	0	0	0	0	0	0	895	1075	1157	1386	100000	0	18021002	试炼10-2掉落	455
17030460	三品镜芒+	fjff07.png	55级紫色+1法术防具	55	2	2	5	0	0	55	2	500	1	1	0	0	0	0	0	0	1194	1384	1543	1784	150000	0	18021002	试炼10-2掉落	535
17030461	三品镜芒	fjff07.png	55级橙色法术防具	55	2	2	6	0	0	55	2	1000	1	1	0	0	0	0	0	0	1520	1727	1965	2226	0	200000	18021002	试炼10-2掉落	615
17030462	三品镜芒+	fjff07.png	55级橙色+1法术防具	55	2	2	7	0	0	55	2	5000	1	1	0	0	0	0	0	0	1892	2113	2447	2724	0	300000	18021002	试炼10-2掉落	695
17030463	三品赤兔	mwg07.png	55级绿色物攻马	55	3	0	1	0	1;2	55	2	100	1	1	675	735	0	0	0	0	0	0	337	367	10000	0	18021101	试炼11-1掉落	215
17030464	三品赤兔	mwg07.png	55级蓝色物攻马	55	3	0	2	0	1;2	55	2	150	1	1	810	882	0	0	0	0	0	0	405	441	50000	0	18021101	试炼11-1掉落	295
17030465	三品赤兔+	mwg07.png	55级蓝色+1物攻马	55	3	0	3	0	1;2	55	2	200	1	1	972	1058	0	0	0	0	0	0	486	529	80000	0	18021101	试炼11-1掉落	375
17030466	三品赤兔	mwg07.png	55级紫色物攻马	55	3	0	4	0	1;2	55	2	250	1	1	1157	1386	0	0	0	0	0	0	578	693	100000	0	18021101	试炼11-1掉落	455
17030467	三品赤兔+	mwg07.png	55级紫色+1物攻马	55	3	0	5	0	1;2	55	2	500	1	1	1543	1784	0	0	0	0	0	0	771	892	150000	0	18021101	试炼11-1掉落	535
17030468	三品赤兔	mwg07.png	55级橙色物攻马	55	3	0	6	0	1;2	55	2	1000	1	1	1965	2226	0	0	0	0	0	0	982	1113	0	200000	18021101	试炼11-1掉落	615
17030469	三品赤兔+	mwg07.png	55级橙色+1物攻马	55	3	0	7	0	1;2	55	2	5000	1	1	2447	2724	0	0	0	0	0	0	1223	1362	0	300000	18021101	试炼11-1掉落	695
17030470	三品飞电	mfg07.png	55级绿色法攻马	55	3	0	1	0	3	55	2	100	1	1	0	0	0	0	640	699	0	0	337	367	10000	0	18021005	试炼10-5掉落	215
17030471	三品飞电	mfg07.png	55级蓝色法攻马	55	3	0	2	0	3	55	2	150	1	1	0	0	0	0	768	839	0	0	405	441	50000	0	18021005	试炼10-5掉落	295
17030472	三品飞电+	mfg07.png	55级蓝色+1法攻马	55	3	0	3	0	3	55	2	200	1	1	0	0	0	0	922	1006	0	0	486	529	80000	0	18021005	试炼10-5掉落	375
17030473	三品飞电	mfg07.png	55级紫色法攻马	55	3	0	4	0	3	55	2	250	1	1	0	0	0	0	1097	1318	0	0	578	693	100000	0	18021005	试炼10-5掉落	455
17030474	三品飞电+	mfg07.png	55级紫色+1法攻马	55	3	0	5	0	3	55	2	500	1	1	0	0	0	0	1463	1696	0	0	771	892	150000	0	18021005	试炼10-5掉落	535
17030475	三品飞电	mfg07.png	55级橙色法攻马	55	3	0	6	0	3	55	2	1000	1	1	0	0	0	0	1863	2117	0	0	982	1113	0	200000	18021005	试炼10-5掉落	615
17030476	三品飞电+	mfg07.png	55级橙色+1法攻马	55	3	0	7	0	3	55	2	5000	1	1	0	0	0	0	2319	2590	0	0	1223	1362	0	300000	18021005	试炼10-5掉落	695
17030477	三品的卢	mfg07.png	55级绿色物防马	55	3	0	1	0	0	55	2	100	1	1	0	0	261	285	0	0	0	0	2700	2940	10000	0	18021003	试炼10-3掉落	215
17030478	三品的卢	mfg07.png	55级蓝色物防马	55	3	0	2	0	0	55	2	150	1	1	0	0	313	342	0	0	0	0	3240	3528	50000	0	18021003	试炼10-3掉落	295
17030479	三品的卢+	mfg07.png	55级蓝色+1物防马	55	3	0	3	0	0	55	2	200	1	1	0	0	376	410	0	0	0	0	3888	4232	80000	0	18021003	试炼10-3掉落	375
17030480	三品的卢	mfg07.png	55级紫色物防马	55	3	0	4	0	0	55	2	250	1	1	0	0	447	537	0	0	0	0	4628	5544	100000	0	18021003	试炼10-3掉落	455
17030481	三品的卢+	mfg07.png	55级紫色+1物防马	55	3	0	5	0	0	55	2	500	1	1	0	0	597	692	0	0	0	0	6172	7136	150000	0	18021003	试炼10-3掉落	535
17030482	三品的卢	mfg07.png	55级橙色物防马	55	3	0	6	0	0	55	2	1000	1	1	0	0	760	863	0	0	0	0	7860	8904	0	200000	18021003	试炼10-3掉落	615
17030483	三品的卢+	mfg07.png	55级橙色+1物防马	55	3	0	7	0	0	55	2	5000	1	1	0	0	946	1056	0	0	0	0	9788	10896	0	300000	18021003	试炼10-3掉落	695
17030484	三品绝影	mff07.png	55级绿色法防马	55	3	0	1	0	0	55	2	100	1	1	0	0	0	0	0	0	261	285	2700	2940	10000	0	18021103	试炼11-3掉落	215
17030485	三品绝影	mff07.png	55级蓝色法防马	55	3	0	2	0	0	55	2	150	1	1	0	0	0	0	0	0	313	342	3240	3528	50000	0	18021103	试炼11-3掉落	295
17030486	三品绝影+	mff07.png	55级蓝色+1法防马	55	3	0	3	0	0	55	2	200	1	1	0	0	0	0	0	0	376	410	3888	4232	80000	0	18021103	试炼11-3掉落	375
17030487	三品绝影	mff07.png	55级紫色法防马	55	3	0	4	0	0	55	2	250	1	1	0	0	0	0	0	0	447	537	4628	5544	100000	0	18021103	试炼11-3掉落	455
17030488	三品绝影+	mff07.png	55级紫色+1法防马	55	3	0	5	0	0	55	2	500	1	1	0	0	0	0	0	0	597	692	6172	7136	150000	0	18021103	试炼11-3掉落	535
17030489	三品绝影	mff07.png	55级橙色法防马	55	3	0	6	0	0	55	2	1000	1	1	0	0	0	0	0	0	760	863	7860	8904	0	200000	18021103	试炼11-3掉落	615
17030490	三品绝影+	mff07.png	55级橙色+1法防马	55	3	0	7	0	0	55	2	5000	1	1	0	0	0	0	0	0	946	1056	9788	10896	0	300000	18021103	试炼11-3掉落	695
17030491	二品龙胆	wqjz08.png	60级绿色近战武器	60	1	1	1	0	1	60	2	100	1	1	1164	1266	116	126	0	0	0	0	0	0	10000	0	18021104	试炼11-4掉落	255
17030492	二品龙胆	wqjz08.png	60级蓝色近战武器	60	1	1	2	0	1	60	2	150	1	1	1397	1519	139	151	0	0	0	0	0	0	50000	0	18021104	试炼11-4掉落	340
17030493	二品龙胆+	wqjz08.png	60级蓝色+1近战武器	60	1	1	3	0	1	60	2	200	1	1	1677	1823	167	182	0	0	0	0	0	0	80000	0	18021104	试炼11-4掉落	425
17030494	二品龙胆	wqjz08.png	60级紫色近战武器	60	1	1	4	0	1	60	2	250	1	1	1995	2386	199	238	0	0	0	0	0	0	100000	0	18021104	试炼11-4掉落	510
17030495	二品龙胆+	wqjz08.png	60级紫色+1近战武器	60	1	1	5	0	1	60	2	500	1	1	2661	3071	266	307	0	0	0	0	0	0	150000	0	18021104	试炼11-4掉落	595
17030496	二品龙胆	wqjz08.png	60级橙色近战武器	60	1	1	6	0	1	60	2	1000	1	1	3389	3833	338	383	0	0	0	0	0	0	0	200000	18021104	试炼11-4掉落	680
17030497	二品龙胆+	wqjz08.png	60级橙色+1近战武器	60	1	1	7	0	1	60	2	5000	1	1	4218	4689	421	468	0	0	0	0	0	0	0	300000	18021104	试炼11-4掉落	765
17030498	二品易经	wqms08.png	60级绿色谋士武器	60	1	3	1	0	3	60	2	100	1	1	0	0	0	0	1428	1552	0	0	0	0	10000	0	18021203	试炼12-3掉落	255
17030499	二品易经	wqms08.png	60级蓝色谋士武器	60	1	3	2	0	3	60	2	150	1	1	0	0	0	0	1713	1863	0	0	0	0	50000	0	18021203	试炼12-3掉落	340
17030500	二品易经+	wqms08.png	60级蓝色+1谋士武器	60	1	3	3	0	3	60	2	200	1	1	0	0	0	0	2056	2235	0	0	0	0	80000	0	18021203	试炼12-3掉落	425
17030501	二品易经	wqms08.png	60级紫色谋士武器	60	1	3	4	0	3	60	2	250	1	1	0	0	0	0	2446	2926	0	0	0	0	100000	0	18021203	试炼12-3掉落	510
17030502	二品易经+	wqms08.png	60级紫色+1谋士武器	60	1	3	5	0	3	60	2	500	1	1	0	0	0	0	3262	3766	0	0	0	0	150000	0	18021203	试炼12-3掉落	595
17030503	二品易经	wqms08.png	60级橙色谋士武器	60	1	3	6	0	3	60	2	1000	1	1	0	0	0	0	4154	4700	0	0	0	0	0	200000	18021203	试炼12-3掉落	680
17030504	二品易经+	wqms08.png	60级橙色+1谋士武器	60	1	3	7	0	3	60	2	5000	1	1	0	0	0	0	5172	5750	0	0	0	0	0	300000	18021203	试炼12-3掉落	765
17030505	二品落月	wqyc08.png	60级绿色远程武器	60	1	2	1	0	2	60	2	100	1	1	1500	1626	0	0	0	0	0	0	0	0	10000	0	18021201	试炼12-1掉落	255
17030506	二品落月	wqyc08.png	60级蓝色远程武器	60	1	2	2	0	2	60	2	150	1	1	1800	1952	0	0	0	0	0	0	0	0	50000	0	18021201	试炼12-1掉落	340
17030507	二品落月+	wqyc08.png	60级蓝色+1远程武器	60	1	2	3	0	2	60	2	200	1	1	2160	2342	0	0	0	0	0	0	0	0	80000	0	18021201	试炼12-1掉落	425
17030508	二品落月	wqyc08.png	60级紫色远程武器	60	1	2	4	0	2	60	2	250	1	1	2571	3066	0	0	0	0	0	0	0	0	100000	0	18021201	试炼12-1掉落	510
17030509	二品落月+	wqyc08.png	60级紫色+1远程武器	60	1	2	5	0	2	60	2	500	1	1	3428	3946	0	0	0	0	0	0	0	0	150000	0	18021201	试炼12-1掉落	595
17030510	二品落月	wqyc08.png	60级橙色远程武器	60	1	2	6	0	2	60	2	1000	1	1	4366	4925	0	0	0	0	0	0	0	0	0	200000	18021201	试炼12-1掉落	680
17030511	二品落月+	wqyc08.png	60级橙色+1远程武器	60	1	2	7	0	2	60	2	5000	1	1	5435	6026	0	0	0	0	0	0	0	0	0	300000	18021201	试炼12-1掉落	765
17030512	二品龙麟	fjwf08.png	60级绿色物理防具	60	2	1	1	0	0	60	2	100	1	1	0	0	582	633	0	0	0	0	750	813	10000	0	18021205	试炼12-5掉落	255
17030513	二品龙麟	fjwf08.png	60级蓝色物理防具	60	2	1	2	0	0	60	2	150	1	1	0	0	698	759	0	0	0	0	900	976	50000	0	18021205	试炼12-5掉落	340
17030514	二品龙麟+	fjwf08.png	60级蓝色+1物理防具	60	2	1	3	0	0	60	2	200	1	1	0	0	838	911	0	0	0	0	1080	1171	80000	0	18021205	试炼12-5掉落	425
17030515	二品龙麟	fjwf08.png	60级紫色物理防具	60	2	1	4	0	0	60	2	250	1	1	0	0	997	1193	0	0	0	0	1285	1533	100000	0	18021205	试炼12-5掉落	510
17030516	二品龙麟+	fjwf08.png	60级紫色+1物理防具	60	2	1	5	0	0	60	2	500	1	1	0	0	1330	1535	0	0	0	0	1714	1973	150000	0	18021205	试炼12-5掉落	595
17030517	二品龙麟	fjwf08.png	60级橙色物理防具	60	2	1	6	0	0	60	2	1000	1	1	0	0	1694	1916	0	0	0	0	2183	2462	0	200000	18021205	试炼12-5掉落	680
17030518	二品龙麟+	fjwf08.png	60级橙色+1物理防具	60	2	1	7	0	0	60	2	5000	1	1	0	0	2109	2344	0	0	0	0	2717	3013	0	300000	18021205	试炼12-5掉落	765
17030519	二品镜芒	fjff08.png	60级绿色法术防具	60	2	2	1	0	0	60	2	100	1	1	0	0	0	0	0	0	582	633	750	813	10000	0	18021105	试炼11-5掉落	255
17030520	二品镜芒	fjff08.png	60级蓝色法术防具	60	2	2	2	0	0	60	2	150	1	1	0	0	0	0	0	0	698	759	900	976	50000	0	18021105	试炼11-5掉落	340
17030521	二品镜芒+	fjff08.png	60级蓝色+1法术防具	60	2	2	3	0	0	60	2	200	1	1	0	0	0	0	0	0	838	911	1080	1171	80000	0	18021105	试炼11-5掉落	425
17030522	二品镜芒	fjff08.png	60级紫色法术防具	60	2	2	4	0	0	60	2	250	1	1	0	0	0	0	0	0	997	1193	1285	1533	100000	0	18021105	试炼11-5掉落	510
17030523	二品镜芒+	fjff08.png	60级紫色+1法术防具	60	2	2	5	0	0	60	2	500	1	1	0	0	0	0	0	0	1330	1535	1714	1973	150000	0	18021105	试炼11-5掉落	595
17030524	二品镜芒	fjff08.png	60级橙色法术防具	60	2	2	6	0	0	60	2	1000	1	1	0	0	0	0	0	0	1694	1916	2183	2462	0	200000	18021105	试炼11-5掉落	680
17030525	二品镜芒+	fjff08.png	60级橙色+1法术防具	60	2	2	7	0	0	60	2	5000	1	1	0	0	0	0	0	0	2109	2344	2717	3013	0	300000	18021105	试炼11-5掉落	765
17030526	二品赤兔	mwg08.png	60级绿色物攻马	60	3	0	1	0	1;2	60	2	100	1	1	750	813	0	0	0	0	0	0	375	406	10000	0	18021204	试炼12-4掉落	255
17030527	二品赤兔	mwg08.png	60级蓝色物攻马	60	3	0	2	0	1;2	60	2	150	1	1	900	976	0	0	0	0	0	0	450	488	50000	0	18021204	试炼12-4掉落	340
17030528	二品赤兔+	mwg08.png	60级蓝色+1物攻马	60	3	0	3	0	1;2	60	2	200	1	1	1080	1171	0	0	0	0	0	0	540	585	80000	0	18021204	试炼12-4掉落	425
17030529	二品赤兔	mwg08.png	60级紫色物攻马	60	3	0	4	0	1;2	60	2	250	1	1	1285	1533	0	0	0	0	0	0	642	766	100000	0	18021204	试炼12-4掉落	510
17030530	二品赤兔+	mwg08.png	60级紫色+1物攻马	60	3	0	5	0	1;2	60	2	500	1	1	1714	1973	0	0	0	0	0	0	857	986	150000	0	18021204	试炼12-4掉落	595
17030531	二品赤兔	mwg08.png	60级橙色物攻马	60	3	0	6	0	1;2	60	2	1000	1	1	2183	2462	0	0	0	0	0	0	1091	1231	0	200000	18021204	试炼12-4掉落	680
17030532	二品赤兔+	mwg08.png	60级橙色+1物攻马	60	3	0	7	0	1;2	60	2	5000	1	1	2717	3013	0	0	0	0	0	0	1358	1506	0	300000	18021204	试炼12-4掉落	765
17030533	二品飞电	mfg08.png	60级绿色法攻马	60	3	0	1	0	3	60	2	100	1	1	0	0	0	0	714	776	0	0	375	406	10000	0	18021202	试炼12-2掉落	255
17030534	二品飞电	mfg08.png	60级蓝色法攻马	60	3	0	2	0	3	60	2	150	1	1	0	0	0	0	856	931	0	0	450	488	50000	0	18021202	试炼12-2掉落	340
17030535	二品飞电+	mfg08.png	60级蓝色+1法攻马	60	3	0	3	0	3	60	2	200	1	1	0	0	0	0	1028	1117	0	0	540	585	80000	0	18021202	试炼12-2掉落	425
17030536	二品飞电	mfg08.png	60级紫色法攻马	60	3	0	4	0	3	60	2	250	1	1	0	0	0	0	1223	1463	0	0	642	766	100000	0	18021202	试炼12-2掉落	510
17030537	二品飞电+	mfg08.png	60级紫色+1法攻马	60	3	0	5	0	3	60	2	500	1	1	0	0	0	0	1631	1883	0	0	857	986	150000	0	18021202	试炼12-2掉落	595
17030538	二品飞电	mfg08.png	60级橙色法攻马	60	3	0	6	0	3	60	2	1000	1	1	0	0	0	0	2077	2350	0	0	1091	1231	0	200000	18021202	试炼12-2掉落	680
17030539	二品飞电+	mfg08.png	60级橙色+1法攻马	60	3	0	7	0	3	60	2	5000	1	1	0	0	0	0	2586	2875	0	0	1358	1506	0	300000	18021202	试炼12-2掉落	765
17030540	二品的卢	mfg08.png	60级绿色物防马	60	3	0	1	0	0	60	2	100	1	1	0	0	291	316	0	0	0	0	3000	3252	10000	0	18021106	试炼11-6掉落	255
17030541	二品的卢	mfg08.png	60级蓝色物防马	60	3	0	2	0	0	60	2	150	1	1	0	0	349	379	0	0	0	0	3600	3904	50000	0	18021106	试炼11-6掉落	340
17030542	二品的卢+	mfg08.png	60级蓝色+1物防马	60	3	0	3	0	0	60	2	200	1	1	0	0	419	455	0	0	0	0	4320	4684	80000	0	18021106	试炼11-6掉落	425
17030543	二品的卢	mfg08.png	60级紫色物防马	60	3	0	4	0	0	60	2	250	1	1	0	0	498	596	0	0	0	0	5140	6132	100000	0	18021106	试炼11-6掉落	510
17030544	二品的卢+	mfg08.png	60级紫色+1物防马	60	3	0	5	0	0	60	2	500	1	1	0	0	665	767	0	0	0	0	6856	7892	150000	0	18021106	试炼11-6掉落	595
17030545	二品的卢	mfg08.png	60级橙色物防马	60	3	0	6	0	0	60	2	1000	1	1	0	0	847	958	0	0	0	0	8732	9848	0	200000	18021106	试炼11-6掉落	680
17030546	二品的卢+	mfg08.png	60级橙色+1物防马	60	3	0	7	0	0	60	2	5000	1	1	0	0	1054	1172	0	0	0	0	10868	12052	0	300000	18021106	试炼11-6掉落	765
17030547	二品绝影	mff08.png	60级绿色法防马	60	3	0	1	0	0	60	2	100	1	1	0	0	0	0	0	0	291	316	3000	3252	10000	0	18021206	试炼12-6掉落	255
17030548	二品绝影	mff08.png	60级蓝色法防马	60	3	0	2	0	0	60	2	150	1	1	0	0	0	0	0	0	349	379	3600	3904	50000	0	18021206	试炼12-6掉落	340
17030549	二品绝影+	mff08.png	60级蓝色+1法防马	60	3	0	3	0	0	60	2	200	1	1	0	0	0	0	0	0	419	455	4320	4684	80000	0	18021206	试炼12-6掉落	425
17030550	二品绝影	mff08.png	60级紫色法防马	60	3	0	4	0	0	60	2	250	1	1	0	0	0	0	0	0	498	596	5140	6132	100000	0	18021206	试炼12-6掉落	510
17030551	二品绝影+	mff08.png	60级紫色+1法防马	60	3	0	5	0	0	60	2	500	1	1	0	0	0	0	0	0	665	767	6856	7892	150000	0	18021206	试炼12-6掉落	595
17030552	二品绝影	mff08.png	60级橙色法防马	60	3	0	6	0	0	60	2	1000	1	1	0	0	0	0	0	0	847	958	8732	9848	0	200000	18021206	试炼12-6掉落	680
17030553	二品绝影+	mff08.png	60级橙色+1法防马	60	3	0	7	0	0	60	2	5000	1	1	0	0	0	0	0	0	1054	1172	10868	12052	0	300000	18021206	试炼12-6掉落	765
17030554	一品龙胆	wqjz09.png	65级绿色近战武器	65	1	1	1	0	1	65	2	100	1	1	1292	1399	129	139	0	0	0	0	0	0	10000	0	18021301	试炼13-1掉落	300
17030555	一品龙胆	wqjz09.png	65级蓝色近战武器	65	1	1	2	0	1	65	2	150	1	1	1551	1679	155	167	0	0	0	0	0	0	50000	0	18021301	试炼13-1掉落	390
17030556	一品龙胆+	wqjz09.png	65级蓝色+1近战武器	65	1	1	3	0	1	65	2	200	1	1	1861	2015	186	201	0	0	0	0	0	0	80000	0	18021301	试炼13-1掉落	480
17030557	一品龙胆	wqjz09.png	65级紫色近战武器	65	1	1	4	0	1	65	2	250	1	1	2215	2638	221	263	0	0	0	0	0	0	100000	0	18021301	试炼13-1掉落	570
17030558	一品龙胆+	wqjz09.png	65级紫色+1近战武器	65	1	1	5	0	1	65	2	500	1	1	2953	3395	295	339	0	0	0	0	0	0	150000	0	18021301	试炼13-1掉落	660
17030559	一品龙胆	wqjz09.png	65级橙色近战武器	65	1	1	6	0	1	65	2	1000	1	1	3761	4237	376	423	0	0	0	0	0	0	0	200000	18021301	试炼13-1掉落	750
17030560	一品龙胆+	wqjz09.png	65级橙色+1近战武器	65	1	1	7	0	1	65	2	5000	1	1	4682	5184	468	518	0	0	0	0	0	0	0	300000	18021301	试炼13-1掉落	840
17030561	一品易经	wqms09.png	65级绿色谋士武器	65	1	3	1	0	3	65	2	100	1	1	0	0	0	0	1585	1716	0	0	0	0	10000	0	18021306	试炼13-6掉落	300
17030562	一品易经	wqms09.png	65级蓝色谋士武器	65	1	3	2	0	3	65	2	150	1	1	0	0	0	0	1902	2060	0	0	0	0	50000	0	18021306	试炼13-6掉落	390
17030563	一品易经+	wqms09.png	65级蓝色+1谋士武器	65	1	3	3	0	3	65	2	200	1	1	0	0	0	0	2282	2471	0	0	0	0	80000	0	18021306	试炼13-6掉落	480
17030564	一品易经	wqms09.png	65级紫色谋士武器	65	1	3	4	0	3	65	2	250	1	1	0	0	0	0	2716	3235	0	0	0	0	100000	0	18021306	试炼13-6掉落	570
17030565	一品易经+	wqms09.png	65级紫色+1谋士武器	65	1	3	5	0	3	65	2	500	1	1	0	0	0	0	3621	4165	0	0	0	0	150000	0	18021306	试炼13-6掉落	660
17030566	一品易经	wqms09.png	65级橙色谋士武器	65	1	3	6	0	3	65	2	1000	1	1	0	0	0	0	4612	5197	0	0	0	0	0	200000	18021306	试炼13-6掉落	750
17030567	一品易经+	wqms09.png	65级橙色+1谋士武器	65	1	3	7	0	3	65	2	5000	1	1	0	0	0	0	5741	6359	0	0	0	0	0	300000	18021306	试炼13-6掉落	840
17030568	一品落月	wqyc09.png	65级绿色远程武器	65	1	2	1	0	2	65	2	100	1	1	1660	1792	0	0	0	0	0	0	0	0	10000	0	18021304	试炼13-4掉落	300
17030569	一品落月	wqyc09.png	65级蓝色远程武器	65	1	2	2	0	2	65	2	150	1	1	1992	2151	0	0	0	0	0	0	0	0	50000	0	18021304	试炼13-4掉落	390
17030570	一品落月+	wqyc09.png	65级蓝色+1远程武器	65	1	2	3	0	2	65	2	200	1	1	2390	2581	0	0	0	0	0	0	0	0	80000	0	18021304	试炼13-4掉落	480
17030571	一品落月	wqyc09.png	65级紫色远程武器	65	1	2	4	0	2	65	2	250	1	1	2844	3378	0	0	0	0	0	0	0	0	100000	0	18021304	试炼13-4掉落	570
17030572	一品落月+	wqyc09.png	65级紫色+1远程武器	65	1	2	5	0	2	65	2	500	1	1	3792	4349	0	0	0	0	0	0	0	0	150000	0	18021304	试炼13-4掉落	660
17030573	一品落月	wqyc09.png	65级橙色远程武器	65	1	2	6	0	2	65	2	1000	1	1	4829	5428	0	0	0	0	0	0	0	0	0	200000	18021304	试炼13-4掉落	750
17030574	一品落月+	wqyc09.png	65级橙色+1远程武器	65	1	2	7	0	2	65	2	5000	1	1	6012	6640	0	0	0	0	0	0	0	0	0	300000	18021304	试炼13-4掉落	840
17030575	一品龙麟	fjwf09.png	65级绿色物理防具	65	2	1	1	0	0	65	2	100	1	1	0	0	646	699	0	0	0	0	830	896	10000	0	18021402	试炼14-2掉落	300
17030576	一品龙麟	fjwf09.png	65级蓝色物理防具	65	2	1	2	0	0	65	2	150	1	1	0	0	775	839	0	0	0	0	996	1075	50000	0	18021402	试炼14-2掉落	390
17030577	一品龙麟+	fjwf09.png	65级蓝色+1物理防具	65	2	1	3	0	0	65	2	200	1	1	0	0	930	1007	0	0	0	0	1195	1290	80000	0	18021402	试炼14-2掉落	480
17030578	一品龙麟	fjwf09.png	65级紫色物理防具	65	2	1	4	0	0	65	2	250	1	1	0	0	1107	1319	0	0	0	0	1422	1689	100000	0	18021402	试炼14-2掉落	570
17030579	一品龙麟+	fjwf09.png	65级紫色+1物理防具	65	2	1	5	0	0	65	2	500	1	1	0	0	1476	1697	0	0	0	0	1896	2174	150000	0	18021402	试炼14-2掉落	660
17030580	一品龙麟	fjwf09.png	65级橙色物理防具	65	2	1	6	0	0	65	2	1000	1	1	0	0	1880	2118	0	0	0	0	2414	2714	0	200000	18021402	试炼14-2掉落	750
17030581	一品龙麟+	fjwf09.png	65级橙色+1物理防具	65	2	1	7	0	0	65	2	5000	1	1	0	0	2341	2592	0	0	0	0	3006	3320	0	300000	18021402	试炼14-2掉落	840
17030582	一品镜芒	fjff09.png	65级绿色法术防具	65	2	2	1	0	0	65	2	100	1	1	0	0	0	0	0	0	646	699	830	896	10000	0	18021302	试炼13-2掉落	300
17030583	一品镜芒	fjff09.png	65级蓝色法术防具	65	2	2	2	0	0	65	2	150	1	1	0	0	0	0	0	0	775	839	996	1075	50000	0	18021302	试炼13-2掉落	390
17030584	一品镜芒+	fjff09.png	65级蓝色+1法术防具	65	2	2	3	0	0	65	2	200	1	1	0	0	0	0	0	0	930	1007	1195	1290	80000	0	18021302	试炼13-2掉落	480
17030585	一品镜芒	fjff09.png	65级紫色法术防具	65	2	2	4	0	0	65	2	250	1	1	0	0	0	0	0	0	1107	1319	1422	1689	100000	0	18021302	试炼13-2掉落	570
17030586	一品镜芒+	fjff09.png	65级紫色+1法术防具	65	2	2	5	0	0	65	2	500	1	1	0	0	0	0	0	0	1476	1697	1896	2174	150000	0	18021302	试炼13-2掉落	660
17030587	一品镜芒	fjff09.png	65级橙色法术防具	65	2	2	6	0	0	65	2	1000	1	1	0	0	0	0	0	0	1880	2118	2414	2714	0	200000	18021302	试炼13-2掉落	750
17030588	一品镜芒+	fjff09.png	65级橙色+1法术防具	65	2	2	7	0	0	65	2	5000	1	1	0	0	0	0	0	0	2341	2592	3006	3320	0	300000	18021302	试炼13-2掉落	840
17030589	一品赤兔	mwg09.png	65级绿色物攻马	65	3	0	1	0	1;2	65	2	100	1	1	830	896	0	0	0	0	0	0	415	448	10000	0	18021401	试炼14-1掉落	300
17030590	一品赤兔	mwg09.png	65级蓝色物攻马	65	3	0	2	0	1;2	65	2	150	1	1	996	1075	0	0	0	0	0	0	498	537	50000	0	18021401	试炼14-1掉落	390
17030591	一品赤兔+	mwg09.png	65级蓝色+1物攻马	65	3	0	3	0	1;2	65	2	200	1	1	1195	1290	0	0	0	0	0	0	597	645	80000	0	18021401	试炼14-1掉落	480
17030592	一品赤兔	mwg09.png	65级紫色物攻马	65	3	0	4	0	1;2	65	2	250	1	1	1422	1689	0	0	0	0	0	0	711	844	100000	0	18021401	试炼14-1掉落	570
17030593	一品赤兔+	mwg09.png	65级紫色+1物攻马	65	3	0	5	0	1;2	65	2	500	1	1	1896	2174	0	0	0	0	0	0	948	1087	150000	0	18021401	试炼14-1掉落	660
17030594	一品赤兔	mwg09.png	65级橙色物攻马	65	3	0	6	0	1;2	65	2	1000	1	1	2414	2714	0	0	0	0	0	0	1207	1357	0	200000	18021401	试炼14-1掉落	750
17030595	一品赤兔+	mwg09.png	65级橙色+1物攻马	65	3	0	7	0	1;2	65	2	5000	1	1	3006	3320	0	0	0	0	0	0	1503	1660	0	300000	18021401	试炼14-1掉落	840
17030596	一品飞电	mfg09.png	65级绿色法攻马	65	3	0	1	0	3	65	2	100	1	1	0	0	0	0	792	858	0	0	415	448	10000	0	18021305	试炼13-5掉落	300
17030597	一品飞电	mfg09.png	65级蓝色法攻马	65	3	0	2	0	3	65	2	150	1	1	0	0	0	0	951	1030	0	0	498	537	50000	0	18021305	试炼13-5掉落	390
17030598	一品飞电+	mfg09.png	65级蓝色+1法攻马	65	3	0	3	0	3	65	2	200	1	1	0	0	0	0	1141	1235	0	0	597	645	80000	0	18021305	试炼13-5掉落	480
17030599	一品飞电	mfg09.png	65级紫色法攻马	65	3	0	4	0	3	65	2	250	1	1	0	0	0	0	1358	1617	0	0	711	844	100000	0	18021305	试炼13-5掉落	570
17030600	一品飞电+	mfg09.png	65级紫色+1法攻马	65	3	0	5	0	3	65	2	500	1	1	0	0	0	0	1810	2082	0	0	948	1087	150000	0	18021305	试炼13-5掉落	660
17030601	一品飞电	mfg09.png	65级橙色法攻马	65	3	0	6	0	3	65	2	1000	1	1	0	0	0	0	2306	2598	0	0	1207	1357	0	200000	18021305	试炼13-5掉落	750
17030602	一品飞电+	mfg09.png	65级橙色+1法攻马	65	3	0	7	0	3	65	2	5000	1	1	0	0	0	0	2870	3179	0	0	1503	1660	0	300000	18021305	试炼13-5掉落	840
17030603	一品的卢	mfg09.png	65级绿色物防马	65	3	0	1	0	0	65	2	100	1	1	0	0	323	349	0	0	0	0	3320	3584	10000	0	18021303	试炼13-3掉落	300
17030604	一品的卢	mfg09.png	65级蓝色物防马	65	3	0	2	0	0	65	2	150	1	1	0	0	387	419	0	0	0	0	3984	4300	50000	0	18021303	试炼13-3掉落	390
17030605	一品的卢+	mfg09.png	65级蓝色+1物防马	65	3	0	3	0	0	65	2	200	1	1	0	0	465	503	0	0	0	0	4780	5160	80000	0	18021303	试炼13-3掉落	480
17030606	一品的卢	mfg09.png	65级紫色物防马	65	3	0	4	0	0	65	2	250	1	1	0	0	553	659	0	0	0	0	5688	6756	100000	0	18021303	试炼13-3掉落	570
17030607	一品的卢+	mfg09.png	65级紫色+1物防马	65	3	0	5	0	0	65	2	500	1	1	0	0	738	848	0	0	0	0	7584	8696	150000	0	18021303	试炼13-3掉落	660
17030608	一品的卢	mfg09.png	65级橙色物防马	65	3	0	6	0	0	65	2	1000	1	1	0	0	940	1059	0	0	0	0	9656	10856	0	200000	18021303	试炼13-3掉落	750
17030609	一品的卢+	mfg09.png	65级橙色+1物防马	65	3	0	7	0	0	65	2	5000	1	1	0	0	1170	1296	0	0	0	0	12024	13280	0	300000	18021303	试炼13-3掉落	840
17030610	一品绝影	mff09.png	65级绿色法防马	65	3	0	1	0	0	65	2	100	1	1	0	0	0	0	0	0	323	349	3320	3584	10000	0	18021403	试炼14-3掉落	300
17030611	一品绝影	mff09.png	65级蓝色法防马	65	3	0	2	0	0	65	2	150	1	1	0	0	0	0	0	0	387	419	3984	4300	50000	0	18021403	试炼14-3掉落	390
17030612	一品绝影+	mff09.png	65级蓝色+1法防马	65	3	0	3	0	0	65	2	200	1	1	0	0	0	0	0	0	465	503	4780	5160	80000	0	18021403	试炼14-3掉落	480
17030613	一品绝影	mff09.png	65级紫色法防马	65	3	0	4	0	0	65	2	250	1	1	0	0	0	0	0	0	553	659	5688	6756	100000	0	18021403	试炼14-3掉落	570
17030614	一品绝影+	mff09.png	65级紫色+1法防马	65	3	0	5	0	0	65	2	500	1	1	0	0	0	0	0	0	738	848	7584	8696	150000	0	18021403	试炼14-3掉落	660
17030615	一品绝影	mff09.png	65级橙色法防马	65	3	0	6	0	0	65	2	1000	1	1	0	0	0	0	0	0	940	1059	9656	10856	0	200000	18021403	试炼14-3掉落	750
17030616	一品绝影+	mff09.png	65级橙色+1法防马	65	3	0	7	0	0	65	2	5000	1	1	0	0	0	0	0	0	1170	1296	12024	13280	0	300000	18021403	试炼14-3掉落	840
17030617	黄级龙胆	wqjz10.png	70级绿色近战武器	70	1	1	1	0	1	70	2	100	1	1	1426	1564	142	156	0	0	0	0	0	0	10000	0	18021404	试炼14-4掉落	350
17030618	黄级龙胆	wqjz10.png	70级蓝色近战武器	70	1	1	2	0	1	70	2	150	1	1	1711	1876	171	187	0	0	0	0	0	0	50000	0	18021404	试炼14-4掉落	445
17030619	黄级龙胆+	wqjz10.png	70级蓝色+1近战武器	70	1	1	3	0	1	70	2	200	1	1	2053	2252	205	225	0	0	0	0	0	0	80000	0	18021404	试炼14-4掉落	540
17030620	黄级龙胆	wqjz10.png	70级紫色近战武器	70	1	1	4	0	1	70	2	250	1	1	2444	2948	244	294	0	0	0	0	0	0	100000	0	18021404	试炼14-4掉落	635
17030621	黄级龙胆+	wqjz10.png	70级紫色+1近战武器	70	1	1	5	0	1	70	2	500	1	1	3258	3794	325	379	0	0	0	0	0	0	150000	0	18021404	试炼14-4掉落	730
17030622	黄级龙胆	wqjz10.png	70级橙色近战武器	70	1	1	6	0	1	70	2	1000	1	1	4149	4735	414	473	0	0	0	0	0	0	0	200000	18021404	试炼14-4掉落	825
17030623	黄级龙胆+	wqjz10.png	70级橙色+1近战武器	70	1	1	7	0	1	70	2	5000	1	1	5166	5793	516	579	0	0	0	0	0	0	0	300000	18021404	试炼14-4掉落	920
17030624	黄级易经	wqms10.png	70级绿色谋士武器	70	1	3	1	0	3	70	2	100	1	1	0	0	0	0	1749	1919	0	0	0	0	10000	0	18021503	试炼15-3掉落	350
17030625	黄级易经	wqms10.png	70级蓝色谋士武器	70	1	3	2	0	3	70	2	150	1	1	0	0	0	0	2099	2302	0	0	0	0	50000	0	18021503	试炼15-3掉落	445
17030626	黄级易经+	wqms10.png	70级蓝色+1谋士武器	70	1	3	3	0	3	70	2	200	1	1	0	0	0	0	2519	2763	0	0	0	0	80000	0	18021503	试炼15-3掉落	540
17030627	黄级易经	wqms10.png	70级紫色谋士武器	70	1	3	4	0	3	70	2	250	1	1	0	0	0	0	2997	3616	0	0	0	0	100000	0	18021503	试炼15-3掉落	635
17030628	黄级易经+	wqms10.png	70级紫色+1谋士武器	70	1	3	5	0	3	70	2	500	1	1	0	0	0	0	3997	4655	0	0	0	0	150000	0	18021503	试炼15-3掉落	730
17030629	黄级易经	wqms10.png	70级橙色谋士武器	70	1	3	6	0	3	70	2	1000	1	1	0	0	0	0	5090	5810	0	0	0	0	0	200000	18021503	试炼15-3掉落	825
17030630	黄级易经+	wqms10.png	70级橙色+1谋士武器	70	1	3	7	0	3	70	2	5000	1	1	0	0	0	0	6336	7108	0	0	0	0	0	300000	18021503	试炼15-3掉落	920
17030631	黄级落月	wqyc10.png	70级绿色远程武器	70	1	2	1	0	2	70	2	100	1	1	1826	1997	0	0	0	0	0	0	0	0	10000	0	18021501	试炼15-1掉落	350
17030632	黄级落月	wqyc10.png	70级蓝色远程武器	70	1	2	2	0	2	70	2	150	1	1	2191	2397	0	0	0	0	0	0	0	0	50000	0	18021501	试炼15-1掉落	445
17030633	黄级落月+	wqyc10.png	70级蓝色+1远程武器	70	1	2	3	0	2	70	2	200	1	1	2629	2876	0	0	0	0	0	0	0	0	80000	0	18021501	试炼15-1掉落	540
17030634	黄级落月	wqyc10.png	70级紫色远程武器	70	1	2	4	0	2	70	2	250	1	1	3128	3764	0	0	0	0	0	0	0	0	100000	0	18021501	试炼15-1掉落	635
17030635	黄级落月+	wqyc10.png	70级紫色+1远程武器	70	1	2	5	0	2	70	2	500	1	1	4171	4846	0	0	0	0	0	0	0	0	150000	0	18021501	试炼15-1掉落	730
17030636	黄级落月	wqyc10.png	70级橙色远程武器	70	1	2	6	0	2	70	2	1000	1	1	5312	6048	0	0	0	0	0	0	0	0	0	200000	18021501	试炼15-1掉落	825
17030637	黄级落月+	wqyc10.png	70级橙色+1远程武器	70	1	2	7	0	2	70	2	5000	1	1	6613	7399	0	0	0	0	0	0	0	0	0	300000	18021501	试炼15-1掉落	920
17030638	黄级龙麟	fjwf10.png	70级绿色物理防具	70	2	1	1	0	0	70	2	100	1	1	0	0	713	782	0	0	0	0	913	998	10000	0	18021505	试炼15-5掉落	350
17030639	黄级龙麟	fjwf10.png	70级蓝色物理防具	70	2	1	2	0	0	70	2	150	1	1	0	0	855	938	0	0	0	0	1095	1198	50000	0	18021505	试炼15-5掉落	445
17030640	黄级龙麟+	fjwf10.png	70级蓝色+1物理防具	70	2	1	3	0	0	70	2	200	1	1	0	0	1026	1126	0	0	0	0	1314	1438	80000	0	18021505	试炼15-5掉落	540
17030641	黄级龙麟	fjwf10.png	70级紫色物理防具	70	2	1	4	0	0	70	2	250	1	1	0	0	1222	1474	0	0	0	0	1564	1882	100000	0	18021505	试炼15-5掉落	635
17030642	黄级龙麟+	fjwf10.png	70级紫色+1物理防具	70	2	1	5	0	0	70	2	500	1	1	0	0	1629	1897	0	0	0	0	2085	2423	150000	0	18021505	试炼15-5掉落	730
17030643	黄级龙麟	fjwf10.png	70级橙色物理防具	70	2	1	6	0	0	70	2	1000	1	1	0	0	2074	2367	0	0	0	0	2656	3024	0	200000	18021505	试炼15-5掉落	825
17030644	黄级龙麟+	fjwf10.png	70级橙色+1物理防具	70	2	1	7	0	0	70	2	5000	1	1	0	0	2583	2896	0	0	0	0	3306	3699	0	300000	18021505	试炼15-5掉落	920
17030645	黄级镜芒	fjff10.png	70级绿色法术防具	70	2	2	1	0	0	70	2	100	1	1	0	0	0	0	0	0	713	782	913	998	10000	0	18021405	试炼14-5掉落	350
17030646	黄级镜芒	fjff10.png	70级蓝色法术防具	70	2	2	2	0	0	70	2	150	1	1	0	0	0	0	0	0	855	938	1095	1198	50000	0	18021405	试炼14-5掉落	445
17030647	黄级镜芒+	fjff10.png	70级蓝色+1法术防具	70	2	2	3	0	0	70	2	200	1	1	0	0	0	0	0	0	1026	1126	1314	1438	80000	0	18021405	试炼14-5掉落	540
17030648	黄级镜芒	fjff10.png	70级紫色法术防具	70	2	2	4	0	0	70	2	250	1	1	0	0	0	0	0	0	1222	1474	1564	1882	100000	0	18021405	试炼14-5掉落	635
17030649	黄级镜芒+	fjff10.png	70级紫色+1法术防具	70	2	2	5	0	0	70	2	500	1	1	0	0	0	0	0	0	1629	1897	2085	2423	150000	0	18021405	试炼14-5掉落	730
17030650	黄级镜芒	fjff10.png	70级橙色法术防具	70	2	2	6	0	0	70	2	1000	1	1	0	0	0	0	0	0	2074	2367	2656	3024	0	200000	18021405	试炼14-5掉落	825
17030651	黄级镜芒+	fjff10.png	70级橙色+1法术防具	70	2	2	7	0	0	70	2	5000	1	1	0	0	0	0	0	0	2583	2896	3306	3699	0	300000	18021405	试炼14-5掉落	920
17030652	黄级赤兔	mwg10.png	70级绿色物攻马	70	3	0	1	0	1;2	70	2	100	1	1	913	998	0	0	0	0	0	0	456	499	10000	0	18021504	试炼15-4掉落	350
17030653	黄级赤兔	mwg10.png	70级蓝色物攻马	70	3	0	2	0	1;2	70	2	150	1	1	1095	1198	0	0	0	0	0	0	547	599	50000	0	18021504	试炼15-4掉落	445
17030654	黄级赤兔+	mwg10.png	70级蓝色+1物攻马	70	3	0	3	0	1;2	70	2	200	1	1	1314	1438	0	0	0	0	0	0	657	719	80000	0	18021504	试炼15-4掉落	540
17030655	黄级赤兔	mwg10.png	70级紫色物攻马	70	3	0	4	0	1;2	70	2	250	1	1	1564	1882	0	0	0	0	0	0	782	941	100000	0	18021504	试炼15-4掉落	635
17030656	黄级赤兔+	mwg10.png	70级紫色+1物攻马	70	3	0	5	0	1;2	70	2	500	1	1	2085	2423	0	0	0	0	0	0	1042	1211	150000	0	18021504	试炼15-4掉落	730
17030657	黄级赤兔	mwg10.png	70级橙色物攻马	70	3	0	6	0	1;2	70	2	1000	1	1	2656	3024	0	0	0	0	0	0	1328	1512	0	200000	18021504	试炼15-4掉落	825
17030658	黄级赤兔+	mwg10.png	70级橙色+1物攻马	70	3	0	7	0	1;2	70	2	5000	1	1	3306	3699	0	0	0	0	0	0	1653	1849	0	300000	18021504	试炼15-4掉落	920
17030659	黄级飞电	mfg10.png	70级绿色法攻马	70	3	0	1	0	3	70	2	100	1	1	0	0	0	0	874	959	0	0	456	499	10000	0	18021502	试炼15-2掉落	350
17030660	黄级飞电	mfg10.png	70级蓝色法攻马	70	3	0	2	0	3	70	2	150	1	1	0	0	0	0	1049	1151	0	0	547	599	50000	0	18021502	试炼15-2掉落	445
17030661	黄级飞电+	mfg10.png	70级蓝色+1法攻马	70	3	0	3	0	3	70	2	200	1	1	0	0	0	0	1259	1381	0	0	657	719	80000	0	18021502	试炼15-2掉落	540
17030662	黄级飞电	mfg10.png	70级紫色法攻马	70	3	0	4	0	3	70	2	250	1	1	0	0	0	0	1498	1808	0	0	782	941	100000	0	18021502	试炼15-2掉落	635
17030663	黄级飞电+	mfg10.png	70级紫色+1法攻马	70	3	0	5	0	3	70	2	500	1	1	0	0	0	0	1998	2327	0	0	1042	1211	150000	0	18021502	试炼15-2掉落	730
17030664	黄级飞电	mfg10.png	70级橙色法攻马	70	3	0	6	0	3	70	2	1000	1	1	0	0	0	0	2545	2905	0	0	1328	1512	0	200000	18021502	试炼15-2掉落	825
17030665	黄级飞电+	mfg10.png	70级橙色+1法攻马	70	3	0	7	0	3	70	2	5000	1	1	0	0	0	0	3168	3554	0	0	1653	1849	0	300000	18021502	试炼15-2掉落	920
17030666	黄级的卢	mfg10.png	70级绿色物防马	70	3	0	1	0	0	70	2	100	1	1	0	0	356	391	0	0	0	0	3652	3992	10000	0	18021406	试炼14-6掉落	350
17030667	黄级的卢	mfg10.png	70级蓝色物防马	70	3	0	2	0	0	70	2	150	1	1	0	0	427	469	0	0	0	0	4380	4792	50000	0	18021406	试炼14-6掉落	445
17030668	黄级的卢+	mfg10.png	70级蓝色+1物防马	70	3	0	3	0	0	70	2	200	1	1	0	0	513	563	0	0	0	0	5256	5752	80000	0	18021406	试炼14-6掉落	540
17030669	黄级的卢	mfg10.png	70级紫色物防马	70	3	0	4	0	0	70	2	250	1	1	0	0	611	737	0	0	0	0	6256	7528	100000	0	18021406	试炼14-6掉落	635
17030670	黄级的卢+	mfg10.png	70级紫色+1物防马	70	3	0	5	0	0	70	2	500	1	1	0	0	814	948	0	0	0	0	8340	9692	150000	0	18021406	试炼14-6掉落	730
17030671	黄级的卢	mfg10.png	70级橙色物防马	70	3	0	6	0	0	70	2	1000	1	1	0	0	1037	1183	0	0	0	0	10624	12096	0	200000	18021406	试炼14-6掉落	825
17030672	黄级的卢+	mfg10.png	70级橙色+1物防马	70	3	0	7	0	0	70	2	5000	1	1	0	0	1291	1448	0	0	0	0	13224	14796	0	300000	18021406	试炼14-6掉落	920
17030673	黄级绝影	mff10.png	70级绿色法防马	70	3	0	1	0	0	70	2	100	1	1	0	0	0	0	0	0	356	391	3652	3992	10000	0	18021506	试炼15-6掉落	350
17030674	黄级绝影	mff10.png	70级蓝色法防马	70	3	0	2	0	0	70	2	150	1	1	0	0	0	0	0	0	427	469	4380	4792	50000	0	18021506	试炼15-6掉落	445
17030675	黄级绝影+	mff10.png	70级蓝色+1法防马	70	3	0	3	0	0	70	2	200	1	1	0	0	0	0	0	0	513	563	5256	5752	80000	0	18021506	试炼15-6掉落	540
17030676	黄级绝影	mff10.png	70级紫色法防马	70	3	0	4	0	0	70	2	250	1	1	0	0	0	0	0	0	611	737	6256	7528	100000	0	18021506	试炼15-6掉落	635
17030677	黄级绝影+	mff10.png	70级紫色+1法防马	70	3	0	5	0	0	70	2	500	1	1	0	0	0	0	0	0	814	948	8340	9692	150000	0	18021506	试炼15-6掉落	730
17030678	黄级绝影	mff10.png	70级橙色法防马	70	3	0	6	0	0	70	2	1000	1	1	0	0	0	0	0	0	1037	1183	10624	12096	0	200000	18021506	试炼15-6掉落	825
17030679	黄级绝影+	mff10.png	70级橙色+1法防马	70	3	0	7	0	0	70	2	5000	1	1	0	0	0	0	0	0	1291	1448	13224	14796	0	300000	18021506	试炼15-6掉落	920
17030680	玄级龙胆	wqjz11.png	75级绿色近战武器	75	1	1	1	0	1	75	2	100	1	1	1606	1775	160	177	0	0	0	0	0	0	10000	0	18021601	试炼16-1掉落	405
17030681	玄级龙胆	wqjz11.png	75级蓝色近战武器	75	1	1	2	0	1	75	2	150	1	1	1927	2130	192	213	0	0	0	0	0	0	50000	0	18021601	试炼16-1掉落	505
17030682	玄级龙胆+	wqjz11.png	75级蓝色+1近战武器	75	1	1	3	0	1	75	2	200	1	1	2313	2555	231	255	0	0	0	0	0	0	80000	0	18021601	试炼16-1掉落	605
17030683	玄级龙胆	wqjz11.png	75级紫色近战武器	75	1	1	4	0	1	75	2	250	1	1	2752	3345	275	334	0	0	0	0	0	0	100000	0	18021601	试炼16-1掉落	705
17030684	玄级龙胆+	wqjz11.png	75级紫色+1近战武器	75	1	1	5	0	1	75	2	500	1	1	3669	4306	366	430	0	0	0	0	0	0	150000	0	18021601	试炼16-1掉落	805
17030685	玄级龙胆	wqjz11.png	75级橙色近战武器	75	1	1	6	0	1	75	2	1000	1	1	4673	5374	467	537	0	0	0	0	0	0	0	200000	18021601	试炼16-1掉落	905
17030686	玄级龙胆+	wqjz11.png	75级橙色+1近战武器	75	1	1	7	0	1	75	2	5000	1	1	5817	6575	581	657	0	0	0	0	0	0	0	300000	18021601	试炼16-1掉落	1005
17030687	玄级易经	wqms11.png	75级绿色谋士武器	75	1	3	1	0	3	75	2	100	1	1	0	0	0	0	1970	2178	0	0	0	0	10000	0	18021606	试炼16-6掉落	405
17030688	玄级易经	wqms11.png	75级蓝色谋士武器	75	1	3	2	0	3	75	2	150	1	1	0	0	0	0	2364	2613	0	0	0	0	50000	0	18021606	试炼16-6掉落	505
17030689	玄级易经+	wqms11.png	75级蓝色+1谋士武器	75	1	3	3	0	3	75	2	200	1	1	0	0	0	0	2837	3136	0	0	0	0	80000	0	18021606	试炼16-6掉落	605
17030690	玄级易经	wqms11.png	75级紫色谋士武器	75	1	3	4	0	3	75	2	250	1	1	0	0	0	0	3376	4105	0	0	0	0	100000	0	18021606	试炼16-6掉落	705
17030691	玄级易经+	wqms11.png	75级紫色+1谋士武器	75	1	3	5	0	3	75	2	500	1	1	0	0	0	0	4502	5284	0	0	0	0	150000	0	18021606	试炼16-6掉落	805
17030692	玄级易经	wqms11.png	75级橙色谋士武器	75	1	3	6	0	3	75	2	1000	1	1	0	0	0	0	5734	6595	0	0	0	0	0	200000	18021606	试炼16-6掉落	905
17030693	玄级易经+	wqms11.png	75级橙色+1谋士武器	75	1	3	7	0	3	75	2	5000	1	1	0	0	0	0	7138	8069	0	0	0	0	0	300000	18021606	试炼16-6掉落	1005
17030694	玄级落月	wqyc11.png	75级绿色远程武器	75	1	2	1	0	2	75	2	100	1	1	2050	2260	0	0	0	0	0	0	0	0	10000	0	18021604	试炼16-4掉落	405
17030695	玄级落月	wqyc11.png	75级蓝色远程武器	75	1	2	2	0	2	75	2	150	1	1	2460	2712	0	0	0	0	0	0	0	0	50000	0	18021604	试炼16-4掉落	505
17030696	玄级落月+	wqyc11.png	75级蓝色+1远程武器	75	1	2	3	0	2	75	2	200	1	1	2952	3255	0	0	0	0	0	0	0	0	80000	0	18021604	试炼16-4掉落	605
17030697	玄级落月	wqyc11.png	75级紫色远程武器	75	1	2	4	0	2	75	2	250	1	1	3512	4260	0	0	0	0	0	0	0	0	100000	0	18021604	试炼16-4掉落	705
17030698	玄级落月+	wqyc11.png	75级紫色+1远程武器	75	1	2	5	0	2	75	2	500	1	1	4683	5484	0	0	0	0	0	0	0	0	150000	0	18021604	试炼16-4掉落	805
17030699	玄级落月	wqyc11.png	75级橙色远程武器	75	1	2	6	0	2	75	2	1000	1	1	5965	6844	0	0	0	0	0	0	0	0	0	200000	18021604	试炼16-4掉落	905
17030700	玄级落月+	wqyc11.png	75级橙色+1远程武器	75	1	2	7	0	2	75	2	5000	1	1	7425	8374	0	0	0	0	0	0	0	0	0	300000	18021604	试炼16-4掉落	1005
17030701	玄级龙麟	fjwf11.png	75级绿色物理防具	75	2	1	1	0	0	75	2	100	1	1	0	0	803	887	0	0	0	0	1025	1130	10000	0	18021702	试炼17-2掉落	405
17030702	玄级龙麟	fjwf11.png	75级蓝色物理防具	75	2	1	2	0	0	75	2	150	1	1	0	0	963	1065	0	0	0	0	1230	1356	50000	0	18021702	试炼17-2掉落	505
17030703	玄级龙麟+	fjwf11.png	75级蓝色+1物理防具	75	2	1	3	0	0	75	2	200	1	1	0	0	1156	1277	0	0	0	0	1476	1627	80000	0	18021702	试炼17-2掉落	605
17030704	玄级龙麟	fjwf11.png	75级紫色物理防具	75	2	1	4	0	0	75	2	250	1	1	0	0	1376	1672	0	0	0	0	1756	2130	100000	0	18021702	试炼17-2掉落	705
17030705	玄级龙麟+	fjwf11.png	75级紫色+1物理防具	75	2	1	5	0	0	75	2	500	1	1	0	0	1834	2153	0	0	0	0	2341	2742	150000	0	18021702	试炼17-2掉落	805
17030706	玄级龙麟	fjwf11.png	75级橙色物理防具	75	2	1	6	0	0	75	2	1000	1	1	0	0	2336	2687	0	0	0	0	2982	3422	0	200000	18021702	试炼17-2掉落	905
17030707	玄级龙麟+	fjwf11.png	75级橙色+1物理防具	75	2	1	7	0	0	75	2	5000	1	1	0	0	2908	3287	0	0	0	0	3712	4187	0	300000	18021702	试炼17-2掉落	1005
17030708	玄级镜芒	fjff11.png	75级绿色法术防具	75	2	2	1	0	0	75	2	100	1	1	0	0	0	0	0	0	803	887	1025	1130	10000	0	18021602	试炼16-2掉落	405
17030709	玄级镜芒	fjff11.png	75级蓝色法术防具	75	2	2	2	0	0	75	2	150	1	1	0	0	0	0	0	0	963	1065	1230	1356	50000	0	18021602	试炼16-2掉落	505
17030710	玄级镜芒+	fjff11.png	75级蓝色+1法术防具	75	2	2	3	0	0	75	2	200	1	1	0	0	0	0	0	0	1156	1277	1476	1627	80000	0	18021602	试炼16-2掉落	605
17030711	玄级镜芒	fjff11.png	75级紫色法术防具	75	2	2	4	0	0	75	2	250	1	1	0	0	0	0	0	0	1376	1672	1756	2130	100000	0	18021602	试炼16-2掉落	705
17030712	玄级镜芒+	fjff11.png	75级紫色+1法术防具	75	2	2	5	0	0	75	2	500	1	1	0	0	0	0	0	0	1834	2153	2341	2742	150000	0	18021602	试炼16-2掉落	805
17030713	玄级镜芒	fjff11.png	75级橙色法术防具	75	2	2	6	0	0	75	2	1000	1	1	0	0	0	0	0	0	2336	2687	2982	3422	0	200000	18021602	试炼16-2掉落	905
17030714	玄级镜芒+	fjff11.png	75级橙色+1法术防具	75	2	2	7	0	0	75	2	5000	1	1	0	0	0	0	0	0	2908	3287	3712	4187	0	300000	18021602	试炼16-2掉落	1005
17030715	玄级赤兔	mwg11.png	75级绿色物攻马	75	3	0	1	0	1;2	75	2	100	1	1	1025	1130	0	0	0	0	0	0	512	565	10000	0	18021701	试炼17-1掉落	405
17030716	玄级赤兔	mwg11.png	75级蓝色物攻马	75	3	0	2	0	1;2	75	2	150	1	1	1230	1356	0	0	0	0	0	0	615	678	50000	0	18021701	试炼17-1掉落	505
17030717	玄级赤兔+	mwg11.png	75级蓝色+1物攻马	75	3	0	3	0	1;2	75	2	200	1	1	1476	1627	0	0	0	0	0	0	738	813	80000	0	18021701	试炼17-1掉落	605
17030718	玄级赤兔	mwg11.png	75级紫色物攻马	75	3	0	4	0	1;2	75	2	250	1	1	1756	2130	0	0	0	0	0	0	878	1065	100000	0	18021701	试炼17-1掉落	705
17030719	玄级赤兔+	mwg11.png	75级紫色+1物攻马	75	3	0	5	0	1;2	75	2	500	1	1	2341	2742	0	0	0	0	0	0	1170	1371	150000	0	18021701	试炼17-1掉落	805
17030720	玄级赤兔	mwg11.png	75级橙色物攻马	75	3	0	6	0	1;2	75	2	1000	1	1	2982	3422	0	0	0	0	0	0	1491	1711	0	200000	18021701	试炼17-1掉落	905
17030721	玄级赤兔+	mwg11.png	75级橙色+1物攻马	75	3	0	7	0	1;2	75	2	5000	1	1	3712	4187	0	0	0	0	0	0	1856	2093	0	300000	18021701	试炼17-1掉落	1005
17030722	玄级飞电	mfg11.png	75级绿色法攻马	75	3	0	1	0	3	75	2	100	1	1	0	0	0	0	985	1089	0	0	512	565	10000	0	18021605	试炼16-5掉落	405
17030723	玄级飞电	mfg11.png	75级蓝色法攻马	75	3	0	2	0	3	75	2	150	1	1	0	0	0	0	1182	1306	0	0	615	678	50000	0	18021605	试炼16-5掉落	505
17030724	玄级飞电+	mfg11.png	75级蓝色+1法攻马	75	3	0	3	0	3	75	2	200	1	1	0	0	0	0	1418	1568	0	0	738	813	80000	0	18021605	试炼16-5掉落	605
17030725	玄级飞电	mfg11.png	75级紫色法攻马	75	3	0	4	0	3	75	2	250	1	1	0	0	0	0	1688	2052	0	0	878	1065	100000	0	18021605	试炼16-5掉落	705
17030726	玄级飞电+	mfg11.png	75级紫色+1法攻马	75	3	0	5	0	3	75	2	500	1	1	0	0	0	0	2251	2642	0	0	1170	1371	150000	0	18021605	试炼16-5掉落	805
17030727	玄级飞电	mfg11.png	75级橙色法攻马	75	3	0	6	0	3	75	2	1000	1	1	0	0	0	0	2867	3297	0	0	1491	1711	0	200000	18021605	试炼16-5掉落	905
17030728	玄级飞电+	mfg11.png	75级橙色+1法攻马	75	3	0	7	0	3	75	2	5000	1	1	0	0	0	0	3569	4034	0	0	1856	2093	0	300000	18021605	试炼16-5掉落	1005
17030729	玄级的卢	mfg11.png	75级绿色物防马	75	3	0	1	0	0	75	2	100	1	1	0	0	401	443	0	0	0	0	4100	4520	10000	0	18021602	试炼16-2掉落	405
17030730	玄级的卢	mfg11.png	75级蓝色物防马	75	3	0	2	0	0	75	2	150	1	1	0	0	481	532	0	0	0	0	4920	5424	50000	0	18021602	试炼16-2掉落	505
17030731	玄级的卢+	mfg11.png	75级蓝色+1物防马	75	3	0	3	0	0	75	2	200	1	1	0	0	578	638	0	0	0	0	5904	6508	80000	0	18021602	试炼16-2掉落	605
17030732	玄级的卢	mfg11.png	75级紫色物防马	75	3	0	4	0	0	75	2	250	1	1	0	0	688	836	0	0	0	0	7024	8520	100000	0	18021602	试炼16-2掉落	705
17030733	玄级的卢+	mfg11.png	75级紫色+1物防马	75	3	0	5	0	0	75	2	500	1	1	0	0	917	1076	0	0	0	0	9364	10968	150000	0	18021602	试炼16-2掉落	805
17030734	玄级的卢	mfg11.png	75级橙色物防马	75	3	0	6	0	0	75	2	1000	1	1	0	0	1168	1343	0	0	0	0	11928	13688	0	200000	18021602	试炼16-2掉落	905
17030735	玄级的卢+	mfg11.png	75级橙色+1物防马	75	3	0	7	0	0	75	2	5000	1	1	0	0	1454	1643	0	0	0	0	14848	16748	0	300000	18021602	试炼16-2掉落	1005
17030736	玄级绝影	mff11.png	75级绿色法防马	75	3	0	1	0	0	75	2	100	1	1	0	0	0	0	0	0	401	443	4100	4520	10000	0	18021703	试炼17-3掉落	405
17030737	玄级绝影	mff11.png	75级蓝色法防马	75	3	0	2	0	0	75	2	150	1	1	0	0	0	0	0	0	481	532	4920	5424	50000	0	18021703	试炼17-3掉落	505
17030738	玄级绝影+	mff11.png	75级蓝色+1法防马	75	3	0	3	0	0	75	2	200	1	1	0	0	0	0	0	0	578	638	5904	6508	80000	0	18021703	试炼17-3掉落	605
17030739	玄级绝影	mff11.png	75级紫色法防马	75	3	0	4	0	0	75	2	250	1	1	0	0	0	0	0	0	688	836	7024	8520	100000	0	18021703	试炼17-3掉落	705
17030740	玄级绝影+	mff11.png	75级紫色+1法防马	75	3	0	5	0	0	75	2	500	1	1	0	0	0	0	0	0	917	1076	9364	10968	150000	0	18021703	试炼17-3掉落	805
17030741	玄级绝影	mff11.png	75级橙色法防马	75	3	0	6	0	0	75	2	1000	1	1	0	0	0	0	0	0	1168	1343	11928	13688	0	200000	18021703	试炼17-3掉落	905
17030742	玄级绝影+	mff11.png	75级橙色+1法防马	75	3	0	7	0	0	75	2	5000	1	1	0	0	0	0	0	0	1454	1643	14848	16748	0	300000	18021703	试炼17-3掉落	1005
17030743	地级龙胆	wqjz12.png	80级绿色近战武器	80	1	1	1	0	1	80	2	100	1	1	1817	1997	181	199	0	0	0	0	0	0	10000	0	18021704	试炼17-4掉落	465
17030744	地级龙胆	wqjz12.png	80级蓝色近战武器	80	1	1	2	0	1	80	2	150	1	1	2180	2396	218	239	0	0	0	0	0	0	50000	0	18021704	试炼17-4掉落	570
17030745	地级龙胆+	wqjz12.png	80级蓝色+1近战武器	80	1	1	3	0	1	80	2	200	1	1	2616	2876	261	287	0	0	0	0	0	0	80000	0	18021704	试炼17-4掉落	675
17030746	地级龙胆	wqjz12.png	80级紫色近战武器	80	1	1	4	0	1	80	2	250	1	1	3113	3764	311	376	0	0	0	0	0	0	100000	0	18021704	试炼17-4掉落	780
17030747	地级龙胆+	wqjz12.png	80级紫色+1近战武器	80	1	1	5	0	1	80	2	500	1	1	4151	4846	415	484	0	0	0	0	0	0	150000	0	18021704	试炼17-4掉落	885
17030748	地级龙胆	wqjz12.png	80级橙色近战武器	80	1	1	6	0	1	80	2	1000	1	1	5287	6047	528	604	0	0	0	0	0	0	0	200000	18021704	试炼17-4掉落	990
17030749	地级龙胆+	wqjz12.png	80级橙色+1近战武器	80	1	1	7	0	1	80	2	5000	1	1	6581	7398	658	739	0	0	0	0	0	0	0	300000	18021704	试炼17-4掉落	1095
17030750	地级易经	wqms12.png	80级绿色谋士武器	80	1	3	1	0	3	80	2	100	1	1	0	0	0	0	2230	2451	0	0	0	0	10000	0	18021706	试炼17-6掉落	465
17030751	地级易经	wqms12.png	80级蓝色谋士武器	80	1	3	2	0	3	80	2	150	1	1	0	0	0	0	2676	2941	0	0	0	0	50000	0	18021706	试炼17-6掉落	570
17030752	地级易经+	wqms12.png	80级蓝色+1谋士武器	80	1	3	3	0	3	80	2	200	1	1	0	0	0	0	3211	3529	0	0	0	0	80000	0	18021706	试炼17-6掉落	675
17030753	地级易经	wqms12.png	80级紫色谋士武器	80	1	3	4	0	3	80	2	250	1	1	0	0	0	0	3821	4620	0	0	0	0	100000	0	18021706	试炼17-6掉落	780
17030754	地级易经+	wqms12.png	80级紫色+1谋士武器	80	1	3	5	0	3	80	2	500	1	1	0	0	0	0	5095	5947	0	0	0	0	150000	0	18021706	试炼17-6掉落	885
17030755	地级易经	wqms12.png	80级橙色谋士武器	80	1	3	6	0	3	80	2	1000	1	1	0	0	0	0	6488	7422	0	0	0	0	0	200000	18021706	试炼17-6掉落	990
17030756	地级易经+	wqms12.png	80级橙色+1谋士武器	80	1	3	7	0	3	80	2	5000	1	1	0	0	0	0	8077	9080	0	0	0	0	0	300000	18021706	试炼17-6掉落	1095
17030757	地级落月	wqyc12.png	80级绿色远程武器	80	1	2	1	0	2	80	2	100	1	1	2313	2540	0	0	0	0	0	0	0	0	10000	0	18021705	试炼17-5掉落	465
17030758	地级落月	wqyc12.png	80级蓝色远程武器	80	1	2	2	0	2	80	2	150	1	1	2775	3048	0	0	0	0	0	0	0	0	50000	0	18021705	试炼17-5掉落	570
17030759	地级落月+	wqyc12.png	80级蓝色+1远程武器	80	1	2	3	0	2	80	2	200	1	1	3330	3657	0	0	0	0	0	0	0	0	80000	0	18021705	试炼17-5掉落	675
17030760	地级落月	wqyc12.png	80级紫色远程武器	80	1	2	4	0	2	80	2	250	1	1	3963	4787	0	0	0	0	0	0	0	0	100000	0	18021705	试炼17-5掉落	780
17030761	地级落月+	wqyc12.png	80级紫色+1远程武器	80	1	2	5	0	2	80	2	500	1	1	5285	6163	0	0	0	0	0	0	0	0	150000	0	18021705	试炼17-5掉落	885
17030762	地级落月	wqyc12.png	80级橙色远程武器	80	1	2	6	0	2	80	2	1000	1	1	6730	7691	0	0	0	0	0	0	0	0	0	200000	18021705	试炼17-5掉落	990
17030763	地级落月+	wqyc12.png	80级橙色+1远程武器	80	1	2	7	0	2	80	2	5000	1	1	8378	9410	0	0	0	0	0	0	0	0	0	300000	18021705	试炼17-5掉落	1095
17030764	地级龙麟	fjwf12.png	80级绿色物理防具	80	2	1	1	0	0	80	2	100	1	1	0	0	908	998	0	0	0	0	1156	1270	10000	0			465
17030765	地级龙麟	fjwf12.png	80级蓝色物理防具	80	2	1	2	0	0	80	2	150	1	1	0	0	1090	1198	0	0	0	0	1387	1524	50000	0			570
17030766	地级龙麟+	fjwf12.png	80级蓝色+1物理防具	80	2	1	3	0	0	80	2	200	1	1	0	0	1308	1438	0	0	0	0	1665	1828	80000	0			675
17030767	地级龙麟	fjwf12.png	80级紫色物理防具	80	2	1	4	0	0	80	2	250	1	1	0	0	1556	1882	0	0	0	0	1981	2393	100000	0			780
17030768	地级龙麟+	fjwf12.png	80级紫色+1物理防具	80	2	1	5	0	0	80	2	500	1	1	0	0	2075	2423	0	0	0	0	2642	3081	150000	0			885
17030769	地级龙麟	fjwf12.png	80级橙色物理防具	80	2	1	6	0	0	80	2	1000	1	1	0	0	2643	3023	0	0	0	0	3365	3845	0	200000			990
17030770	地级龙麟+	fjwf12.png	80级橙色+1物理防具	80	2	1	7	0	0	80	2	5000	1	1	0	0	3290	3699	0	0	0	0	4189	4705	0	300000			1095
17030771	地级镜芒	fjff12.png	80级绿色法术防具	80	2	2	1	0	0	80	2	100	1	1	0	0	0	0	0	0	908	998	1156	1270	10000	0			465
17030772	地级镜芒	fjff12.png	80级蓝色法术防具	80	2	2	2	0	0	80	2	150	1	1	0	0	0	0	0	0	1090	1198	1387	1524	50000	0			570
17030773	地级镜芒+	fjff12.png	80级蓝色+1法术防具	80	2	2	3	0	0	80	2	200	1	1	0	0	0	0	0	0	1308	1438	1665	1828	80000	0			675
17030774	地级镜芒	fjff12.png	80级紫色法术防具	80	2	2	4	0	0	80	2	250	1	1	0	0	0	0	0	0	1556	1882	1981	2393	100000	0			780
17030775	地级镜芒+	fjff12.png	80级紫色+1法术防具	80	2	2	5	0	0	80	2	500	1	1	0	0	0	0	0	0	2075	2423	2642	3081	150000	0			885
17030776	地级镜芒	fjff12.png	80级橙色法术防具	80	2	2	6	0	0	80	2	1000	1	1	0	0	0	0	0	0	2643	3023	3365	3845	0	200000			990
17030777	地级镜芒+	fjff12.png	80级橙色+1法术防具	80	2	2	7	0	0	80	2	5000	1	1	0	0	0	0	0	0	3290	3699	4189	4705	0	300000			1095
17030778	地级赤兔	fjff12.png	80级绿色物攻马	80	3	0	1	0	1;2	80	2	100	1	1	1156	1270	0	0	0	0	0	0	578	635	10000	0			465
17030779	地级赤兔	fjff12.png	80级蓝色物攻马	80	3	0	2	0	1;2	80	2	150	1	1	1387	1524	0	0	0	0	0	0	693	762	50000	0			570
17030780	地级赤兔+	fjff12.png	80级蓝色+1物攻马	80	3	0	3	0	1;2	80	2	200	1	1	1665	1828	0	0	0	0	0	0	832	914	80000	0			675
17030781	地级赤兔	fjff12.png	80级紫色物攻马	80	3	0	4	0	1;2	80	2	250	1	1	1981	2393	0	0	0	0	0	0	990	1196	100000	0			780
17030782	地级赤兔+	fjff12.png	80级紫色+1物攻马	80	3	0	5	0	1;2	80	2	500	1	1	2642	3081	0	0	0	0	0	0	1321	1540	150000	0			885
17030783	地级赤兔	fjff12.png	80级橙色物攻马	80	3	0	6	0	1;2	80	2	1000	1	1	3365	3845	0	0	0	0	0	0	1682	1922	0	200000			990
17030784	地级赤兔+	fjff12.png	80级橙色+1物攻马	80	3	0	7	0	1;2	80	2	5000	1	1	4189	4705	0	0	0	0	0	0	2094	2352	0	300000			1095
17030785	地级飞电	fjff12.png	80级绿色法攻马	80	3	0	1	0	3	80	2	100	1	1	0	0	0	0	1115	1225	0	0	578	635	10000	0			465
17030786	地级飞电	fjff12.png	80级蓝色法攻马	80	3	0	2	0	3	80	2	150	1	1	0	0	0	0	1338	1470	0	0	693	762	50000	0			570
17030787	地级飞电+	fjff12.png	80级蓝色+1法攻马	80	3	0	3	0	3	80	2	200	1	1	0	0	0	0	1605	1764	0	0	832	914	80000	0			675
17030788	地级飞电	fjff12.png	80级紫色法攻马	80	3	0	4	0	3	80	2	250	1	1	0	0	0	0	1910	2310	0	0	990	1196	100000	0			780
17030789	地级飞电+	fjff12.png	80级紫色+1法攻马	80	3	0	5	0	3	80	2	500	1	1	0	0	0	0	2547	2973	0	0	1321	1540	150000	0			885
17030790	地级飞电	fjff12.png	80级橙色法攻马	80	3	0	6	0	3	80	2	1000	1	1	0	0	0	0	3244	3711	0	0	1682	1922	0	200000			990
17030791	地级飞电+	fjff12.png	80级橙色+1法攻马	80	3	0	7	0	3	80	2	5000	1	1	0	0	0	0	4038	4540	0	0	2094	2352	0	300000			1095
17030792	地级的卢	fjff12.png	80级绿色物防马	80	3	0	1	0	0	80	2	100	1	1	0	0	454	499	0	0	0	0	4624	5080	10000	0			465
17030793	地级的卢	fjff12.png	80级蓝色物防马	80	3	0	2	0	0	80	2	150	1	1	0	0	545	599	0	0	0	0	5548	6096	50000	0			570
17030794	地级的卢+	fjff12.png	80级蓝色+1物防马	80	3	0	3	0	0	80	2	200	1	1	0	0	654	719	0	0	0	0	6660	7312	80000	0			675
17030795	地级的卢	fjff12.png	80级紫色物防马	80	3	0	4	0	0	80	2	250	1	1	0	0	778	941	0	0	0	0	7924	9572	100000	0			780
17030796	地级的卢+	fjff12.png	80级紫色+1物防马	80	3	0	5	0	0	80	2	500	1	1	0	0	1037	1211	0	0	0	0	10568	12324	150000	0			885
17030797	地级的卢	fjff12.png	80级橙色物防马	80	3	0	6	0	0	80	2	1000	1	1	0	0	1321	1511	0	0	0	0	13460	15380	0	200000			990
17030798	地级的卢+	fjff12.png	80级橙色+1物防马	80	3	0	7	0	0	80	2	5000	1	1	0	0	1645	1849	0	0	0	0	16756	18820	0	300000			1095
17030799	地级绝影	fjff12.png	80级绿色法防马	80	3	0	1	0	0	80	2	100	1	1	0	0	0	0	0	0	454	499	4624	5080	10000	0			465
17030800	地级绝影	fjff12.png	80级蓝色法防马	80	3	0	2	0	0	80	2	150	1	1	0	0	0	0	0	0	545	599	5548	6096	50000	0			570
17030801	地级绝影+	fjff12.png	80级蓝色+1法防马	80	3	0	3	0	0	80	2	200	1	1	0	0	0	0	0	0	654	719	6660	7312	80000	0			675
17030802	地级绝影	fjff12.png	80级紫色法防马	80	3	0	4	0	0	80	2	250	1	1	0	0	0	0	0	0	778	941	7924	9572	100000	0			780
17030803	地级绝影+	fjff12.png	80级紫色+1法防马	80	3	0	5	0	0	80	2	500	1	1	0	0	0	0	0	0	1037	1211	10568	12324	150000	0			885
17030804	地级绝影	fjff12.png	80级橙色法防马	80	3	0	6	0	0	80	2	1000	1	1	0	0	0	0	0	0	1321	1511	13460	15380	0	200000			990
17030805	地级绝影+	fjff12.png	80级橙色+1法防马	80	3	0	7	0	0	80	2	5000	1	1	0	0	0	0	0	0	1645	1849	16756	18820	0	300000			1095
