#战功数	宝箱组(; 分割)	品级
Exploits	Reweards	grade
3	22060001;22060005;22060010	1
6	22060001;22060005;22060010	1
10	22060001;22060005;22060010	1
13	22060001;22060005;22060010	2
16	22060001;22060005;22060010	2
20	22060001;22060005;22060010	2
23	22060001;22060005;22060010	3
26	22060001;22060005;22060010	3
30	22060001;22060005;22060010	3
33	22060001;22060005;22060010	4
36	22060001;22060005;22060010;22060002;22060011	4
40	22060001;22060005;22060010;22060002;22060011	4
43	22060001;22060005;22060010;22060002;22060011	5
46	22060001;22060005;22060010;22060002;22060011	5
50	22060001;22060005;22060010;22060002;22060011	5
53	22060001;22060005;22060010;22060002;22060011	6
56	22060001;22060005;22060010;22060002;22060011	6
60	22060001;22060005;22060010;22060002;22060011	6
63	22060001;22060005;22060010;22060002;22060011	7
66	22060001;22060005;22060010;22060002;22060011;22069002	7
70	22060001;22060005;22060010;22060002;22060011;22060003;22060012;22060006	7
73	22060001;22060005;22060010;22060002;22060011;22060003;22060012;22060006	8
76	22060001;22060005;22060010;22060002;22060011;22060003;22060012;22060006	8
80	22060001;22060005;22060010;22060002;22060011;22060003;22060012;22060006	8
83	22060001;22060005;22060010;22060002;22060011;22060003;22060012;22060006	9
86	22060001;22060005;22060010;22060002;22060011;22060003;22060012;22060006	9
90	22060001;22060005;22060010;22060002;22060011;22060003;22060012;22060006	9
93	22060001;22060005;22060010;22060002;22060011;22060003;22060012;22060006	10
96	22060001;22060005;22060010;22060002;22060011;22060003;22060012;22060006	10
100	22060001;22060005;22060010;22060002;22060011;22060003;22060012;22060006	10
103	22060001;22060005;22060010;22060002;22060011;22060003;22060012;22060007;22060004	11
106	22060001;22060005;22060010;22060002;22060011;22060003;22060012;22060007;22060004	11
110	22060001;22060005;22060010;22060002;22060011;22060003;22060012;22060007;22060004	11
113	22060001;22060005;22060010;22060002;22060011;22060003;22060012;22060007;22060004	12
116	22060001;22060005;22060010;22060002;22060011;22060003;22060012;22060007;22060004	12
120	22060001;22060005;22060010;22060002;22060011;22060003;22060012;22060007;22060004	12
123	22060001;22060005;22060010;22060002;22060011;22060003;22060012;22060007;22060004	13
126	22060001;22060005;22060010;22060002;22060011;22060003;22060012;22060007;22060004	13
130	22060001;22060005;22060010;22060002;22060011;22060003;22060012;22060007;22060004	13
133	22060001;22060005;22060010;22060002;22060011;22060003;22060012;22060007;22060004	14
136	22060001;22060005;22060010;22060002;22060011;22060003;22060012;22060008;22060004	14
140	22060001;22060005;22060010;22060002;22060011;22060003;22060012;22060008;22060004	14
143	22060001;22060005;22060010;22060002;22060011;22060003;22060012;22060008;22060004	15
146	22060001;22060005;22060010;22060002;22060011;22060003;22060012;22060008;22060004	15
150	22060001;22060005;22060010;22060002;22060011;22060003;22060012;22060008;22060004	15
153	22060001;22060005;22060010;22060002;22060011;22060003;22060012;22060008;22060004	16
156	22060001;22060005;22060010;22060002;22060011;22060003;22060012;22060008;22060004	16
160	22060001;22060005;22060010;22060002;22060011;22060003;22060012;22060008;22060004	16
163	22060001;22060005;22060010;22060002;22060011;22060003;22060012;22060008;22060004	17
166	22060001;22060005;22060010;22060002;22060011;22060003;22060012;22060008;22060004	17
170	22060001;22060005;22060010;22060002;22060011;22060003;22060012;22060008;22060004	17
173	22060001;22060005;22060010;22060002;22060011;22060003;22060012;22060008;22060004	18
176	22060001;22060005;22060010;22060002;22060011;22060003;22060012;22060008;22060004	18
180	22060001;22060005;22060010;22060002;22060011;22060003;22060012;22060008;22060004	18
183	22060001;22060005;22060010;22060002;22060011;22060003;22060012;22060008;22060004	19
186	22060001;22060005;22060010;22060002;22060011;22060003;22060012;22060008;22060004	19
190	22060001;22060005;22060010;22060002;22060011;22060003;22060012;22060008;22060004	19
193	22060001;22060005;22060010;22060002;22060011;22060003;22060012;22060008;22060004	20
196	22060001;22060005;22060010;22060002;22060011;22060003;22060012;22060008;22060004	20
200	22060001;22060005;22060010;22060002;22060011;22060003;22060012;22060008;22060004	20
203	22060001;22060005;22060010;22060002;22060011;22060003;22060012;22060008;22060004	21
206	22060001;22060005;22060010;22060002;22060011;22060003;22060012;22060008;22060004	21
210	22060001;22060005;22060010;22060002;22060011;22060003;22060012;22060008;22060004	21
213	22060001;22060005;22060010;22060002;22060011;22060003;22060012;22060008;22060004	22
216	22060001;22060005;22060010;22060002;22060011;22060003;22060012;22060008;22060004	22
220	22060001;22060005;22060010;22060002;22060011;22060003;22060012;22060008;22060004	22
223	22060001;22060005;22060010;22060002;22060011;22060003;22060012;22060008;22060004	23
226	22060001;22060005;22060010;22060002;22060011;22060003;22060012;22060008;22060004	23
230	22060001;22060005;22060010;22060002;22060011;22060003;22060012;22060008;22060004	23
233	22060001;22060005;22060010;22060002;22060011;22060003;22060012;22060008;22060004	24
236	22060001;22060005;22060010;22060002;22060011;22060003;22060012;22060008;22060004	24
240	22060001;22060005;22060010;22060002;22060011;22060003;22060012;22060008;22060004	24
243	22060001;22060005;22060010;22060002;22060011;22060003;22060012;22060008;22060004	25
246	22060001;22060005;22060010;22060002;22060011;22060003;22060012;22060008;22060004	25
250	22060001;22060005;22060010;22060002;22060011;22060003;22060012;22060008;22060004	25
253	22060001;22060005;22060010;22060002;22060011;22060003;22060012;22060008;22060004	26
256	22060001;22060005;22060010;22060002;22060011;22060003;22060012;22060008;22060004	26
260	22060001;22060005;22060010;22060002;22060011;22060003;22060012;22060008;22060004	26
263	22060001;22060005;22060010;22060002;22060011;22060003;22060012;22060008;22060004	27
266	22060001;22060005;22060010;22060002;22060011;22060003;22060012;22060008;22060004	27
270	22060001;22060005;22060010;22060002;22060011;22060003;22060012;22060008;22060004	27
273	22060001;22060005;22060010;22060002;22060011;22060003;22060012;22060008;22060004	28
276	22060001;22060005;22060010;22060002;22060011;22060003;22060012;22060008;22060004	28
280	22060001;22060005;22060010;22060002;22060011;22060003;22060012;22060008;22060004	28
283	22060001;22060005;22060010;22060002;22060011;22060003;22060012;22060008;22060004	29
286	22060001;22060005;22060010;22060002;22060011;22060003;22060012;22060008;22060004	29
290	22060001;22060005;22060010;22060002;22060011;22060003;22060012;22060008;22060004	29
293	22060001;22060005;22060010;22060002;22060011;22060003;22060012;22060008;22060004	30
296	22060001;22060005;22060010;22060002;22060011;22060003;22060012;22060008;22060004	30
300	22060001;22060005;22060010;22060002;22060011;22060003;22060012;22060008;22060004	30
303	22060001;22060005;22060010;22060002;22060011;22060003;22060012;22060008;22060004	31
306	22060001;22060005;22060010;22060002;22060011;22060003;22060012;22060008;22060004	31
310	22060001;22060005;22060010;22060002;22060011;22060003;22060012;22060008;22060004	31
313	22060001;22060005;22060010;22060002;22060011;22060003;22060012;22060008;22060004	32
316	22060001;22060005;22060010;22060002;22060011;22060003;22060012;22060008;22060004	32
320	22060001;22060005;22060010;22060002;22060011;22060003;22060012;22060008;22060004	32
323	22060001;22060005;22060010;22060002;22060011;22060003;22060012;22060008;22060004	33
326	22060001;22060005;22060010;22060002;22060011;22060003;22060012;22060008;22060004	33
330	22060001;22060005;22060010;22060002;22060011;22060003;22060012;22060008;22060004	33
333	22060001;22060005;22060010;22060002;22060011;22060003;22060012;22060008;22060004	34
336	22060001;22060005;22060010;22060002;22060011;22060003;22060012;22060008;22060004	34
340	22060001;22060005;22060010;22060002;22060011;22060003;22060012;22060008;22060004	34
343	22060001;22060005;22060010;22060002;22060011;22060003;22060012;22060008;22060004	35
346	22060001;22060005;22060010;22060002;22060011;22060003;22060012;22060008;22060004	35
350	22060001;22060005;22060010;22060002;22060011;22060003;22060012;22060008;22060004	35
353	22060001;22060005;22060010;22060002;22060011;22060003;22060012;22060008;22060004	36
356	22060001;22060005;22060010;22060002;22060011;22060003;22060012;22060008;22060004	36
360	22060001;22060005;22060010;22060002;22060011;22060003;22060012;22060008;22060004	36
363	22060001;22060005;22060010;22060002;22060011;22060003;22060012;22060008;22060004	37
366	22060001;22060005;22060010;22060002;22060011;22060003;22060012;22060008;22060004	37
370	22060001;22060005;22060010;22060002;22060011;22060003;22060012;22060008;22060004	37
373	22060001;22060005;22060010;22060002;22060011;22060003;22060012;22060008;22060004	38
376	22060001;22060005;22060010;22060002;22060011;22060003;22060012;22060008;22060004	38
380	22060001;22060005;22060010;22060002;22060011;22060003;22060012;22060008;22060004	38
383	22060001;22060005;22060010;22060002;22060011;22060003;22060012;22060008;22060004	39
386	22060001;22060005;22060010;22060002;22060011;22060003;22060012;22060008;22060004	39
390	22060001;22060005;22060010;22060002;22060011;22060003;22060012;22060008;22060004	39
393	22060001;22060005;22060010;22060002;22060011;22060003;22060012;22060008;22060004	40
396	22060001;22060005;22060010;22060002;22060011;22060003;22060012;22060008;22060004	40
400	22060001;22060005;22060010;22060002;22060011;22060003;22060012;22060008;22060004	40
403	22060001;22060005;22060010;22060002;22060011;22060003;22060012;22060008;22060004	41
406	22060001;22060005;22060010;22060002;22060011;22060003;22060012;22060008;22060004	41
410	22060001;22060005;22060010;22060002;22060011;22060003;22060012;22060008;22060004	41
413	22060001;22060005;22060010;22060002;22060011;22060003;22060012;22060008;22060004	42
416	22060001;22060005;22060010;22060002;22060011;22060003;22060012;22060008;22060004	42
420	22060001;22060005;22060010;22060002;22060011;22060003;22060012;22060008;22060004	42
423	22060001;22060005;22060010;22060002;22060011;22060003;22060012;22060008;22060004	43
426	22060001;22060005;22060010;22060002;22060011;22060003;22060012;22060008;22060004	43
430	22060001;22060005;22060010;22060002;22060011;22060003;22060012;22060008;22060004	43
433	22060001;22060005;22060010;22060002;22060011;22060003;22060012;22060008;22060004	44
436	22060001;22060005;22060010;22060002;22060011;22060003;22060012;22060008;22060004	44
440	22060001;22060005;22060010;22060002;22060011;22060003;22060012;22060008;22060004	44
443	22060001;22060005;22060010;22060002;22060011;22060003;22060012;22060008;22060004	45
446	22060001;22060005;22060010;22060002;22060011;22060003;22060012;22060008;22060004	45
450	22060001;22060005;22060010;22060002;22060011;22060003;22060012;22060008;22060004	45
453	22060001;22060005;22060010;22060002;22060011;22060003;22060012;22060008;22060004	46
456	22060001;22060005;22060010;22060002;22060011;22060003;22060012;22060008;22060004	46
460	22060001;22060005;22060010;22060002;22060011;22060003;22060012;22060008;22060004	46
463	22060001;22060005;22060010;22060002;22060011;22060003;22060012;22060008;22060004	47
466	22060001;22060005;22060010;22060002;22060011;22060003;22060012;22060008;22060004	47
470	22060001;22060005;22060010;22060002;22060011;22060003;22060012;22060008;22060004	47
473	22060001;22060005;22060010;22060002;22060011;22060003;22060012;22060008;22060004	48
476	22060001;22060005;22060010;22060002;22060011;22060003;22060012;22060008;22060004	48
480	22060001;22060005;22060010;22060002;22060011;22060003;22060012;22060008;22060004	48
483	22060001;22060005;22060010;22060002;22060011;22060003;22060012;22060008;22060004	49
486	22060001;22060005;22060010;22060002;22060011;22060003;22060012;22060008;22060004	49
490	22060001;22060005;22060010;22060002;22060011;22060003;22060012;22060008;22060004	49
493	22060001;22060005;22060010;22060002;22060011;22060003;22060012;22060008;22060004	50
496	22060001;22060005;22060010;22060002;22060011;22060003;22060012;22060008;22060004	50
500	22060001;22060005;22060010;22060002;22060011;22060003;22060012;22060008;22060004	50
503	22060001;22060005;22060010;22060002;22060011;22060003;22060012;22060008;22060004	51
506	22060001;22060005;22060010;22060002;22060011;22060003;22060012;22060008;22060004	51
510	22060001;22060005;22060010;22060002;22060011;22060003;22060012;22060008;22060004	51
513	22060001;22060005;22060010;22060002;22060011;22060003;22060012;22060008;22060004	52
516	22060001;22060005;22060010;22060002;22060011;22060003;22060012;22060008;22060004	52
520	22060001;22060005;22060010;22060002;22060011;22060003;22060012;22060008;22060004	52
523	22060001;22060005;22060010;22060002;22060011;22060003;22060012;22060008;22060004	53
526	22060001;22060005;22060010;22060002;22060011;22060003;22060012;22060008;22060004	53
530	22060001;22060005;22060010;22060002;22060011;22060003;22060012;22060008;22060004	53
533	22060001;22060005;22060010;22060002;22060011;22060003;22060012;22060008;22060004	54
536	22060001;22060005;22060010;22060002;22060011;22060003;22060012;22060008;22060004	54
540	22060001;22060005;22060010;22060002;22060011;22060003;22060012;22060008;22060004	54
543	22060001;22060005;22060010;22060002;22060011;22060003;22060012;22060008;22060004	55
546	22060001;22060005;22060010;22060002;22060011;22060003;22060012;22060008;22060004	55
550	22060001;22060005;22060010;22060002;22060011;22060003;22060012;22060008;22060004	55
553	22060001;22060005;22060010;22060002;22060011;22060003;22060012;22060008;22060004	56
556	22060001;22060005;22060010;22060002;22060011;22060003;22060012;22060008;22060004	56
560	22060001;22060005;22060010;22060002;22060011;22060003;22060012;22060008;22060004	56
563	22060001;22060005;22060010;22060002;22060011;22060003;22060012;22060008;22060004	57
566	22060001;22060005;22060010;22060002;22060011;22060003;22060012;22060008;22060004	57
570	22060001;22060005;22060010;22060002;22060011;22060003;22060012;22060008;22060004	57
573	22060001;22060005;22060010;22060002;22060011;22060003;22060012;22060008;22060004	58
576	22060001;22060005;22060010;22060002;22060011;22060003;22060012;22060008;22060004	58
580	22060001;22060005;22060010;22060002;22060011;22060003;22060012;22060008;22060004	58
583	22060001;22060005;22060010;22060002;22060011;22060003;22060012;22060008;22060004	59
586	22060001;22060005;22060010;22060002;22060011;22060003;22060012;22060008;22060004	59
590	22060001;22060005;22060010;22060002;22060011;22060003;22060012;22060008;22060004	59
593	22060001;22060005;22060010;22060002;22060011;22060003;22060012;22060008;22060004	60
596	22060001;22060005;22060010;22060002;22060011;22060003;22060012;22060008;22060004	60
600	22060001;22060005;22060010;22060002;22060011;22060003;22060012;22060008;22060004	60
603	22060001;22060005;22060010;22060002;22060011;22060003;22060012;22060008;22060004	61
606	22060001;22060005;22060010;22060002;22060011;22060003;22060012;22060008;22060004	61
610	22060001;22060005;22060010;22060002;22060011;22060003;22060012;22060008;22060004	61
613	22060001;22060005;22060010;22060002;22060011;22060003;22060012;22060008;22060004	62
616	22060001;22060005;22060010;22060002;22060011;22060003;22060012;22060008;22060004	62
620	22060001;22060005;22060010;22060002;22060011;22060003;22060012;22060008;22060004	62
623	22060001;22060005;22060010;22060002;22060011;22060003;22060012;22060008;22060004	63
626	22060001;22060005;22060010;22060002;22060011;22060003;22060012;22060008;22060004	63
630	22060001;22060005;22060010;22060002;22060011;22060003;22060012;22060008;22060004	63
633	22060001;22060005;22060010;22060002;22060011;22060003;22060012;22060008;22060004	64
636	22060001;22060005;22060010;22060002;22060011;22060003;22060012;22060008;22060004	64
640	22060001;22060005;22060010;22060002;22060011;22060003;22060012;22060008;22060004	64
643	22060001;22060005;22060010;22060002;22060011;22060003;22060012;22060008;22060004	65
646	22060001;22060005;22060010;22060002;22060011;22060003;22060012;22060008;22060004	65
650	22060001;22060005;22060010;22060002;22060011;22060003;22060012;22060008;22060004	65
653	22060001;22060005;22060010;22060002;22060011;22060003;22060012;22060008;22060004	66
656	22060001;22060005;22060010;22060002;22060011;22060003;22060012;22060008;22060004	66
660	22060001;22060005;22060010;22060002;22060011;22060003;22060012;22060008;22060004	66
663	22060001;22060005;22060010;22060002;22060011;22060003;22060012;22060008;22060004	67
666	22060001;22060005;22060010;22060002;22060011;22060003;22060012;22060008;22060004	67
670	22060001;22060005;22060010;22060002;22060011;22060003;22060012;22060008;22060004	67
673	22060001;22060005;22060010;22060002;22060011;22060003;22060012;22060008;22060004	68
676	22060001;22060005;22060010;22060002;22060011;22060003;22060012;22060008;22060004	68
680	22060001;22060005;22060010;22060002;22060011;22060003;22060012;22060008;22060004	68
683	22060001;22060005;22060010;22060002;22060011;22060003;22060012;22060008;22060004	69
686	22060001;22060005;22060010;22060002;22060011;22060003;22060012;22060008;22060004	69
690	22060001;22060005;22060010;22060002;22060011;22060003;22060012;22060008;22060004	69
693	22060001;22060005;22060010;22060002;22060011;22060003;22060012;22060008;22060004	70
696	22060001;22060005;22060010;22060002;22060011;22060003;22060012;22060008;22060004	70
700	22060001;22060005;22060010;22060002;22060011;22060003;22060012;22060008;22060004	70
703	22060001;22060005;22060010;22060002;22060011;22060003;22060012;22060008;22060004	71
706	22060001;22060005;22060010;22060002;22060011;22060003;22060012;22060008;22060004	71
710	22060001;22060005;22060010;22060002;22060011;22060003;22060012;22060008;22060004	71
713	22060001;22060005;22060010;22060002;22060011;22060003;22060012;22060008;22060004	72
716	22060001;22060005;22060010;22060002;22060011;22060003;22060012;22060008;22060004	72
720	22060001;22060005;22060010;22060002;22060011;22060003;22060012;22060008;22060004	72
723	22060001;22060005;22060010;22060002;22060011;22060003;22060012;22060008;22060004	73
726	22060001;22060005;22060010;22060002;22060011;22060003;22060012;22060008;22060004	73
730	22060001;22060005;22060010;22060002;22060011;22060003;22060012;22060008;22060004	73
733	22060001;22060005;22060010;22060002;22060011;22060003;22060012;22060008;22060004	74
736	22060001;22060005;22060010;22060002;22060011;22060003;22060012;22060008;22060004	74
740	22060001;22060005;22060010;22060002;22060011;22060003;22060012;22060008;22060004	74
743	22060001;22060005;22060010;22060002;22060011;22060003;22060012;22060008;22060004	75
746	22060001;22060005;22060010;22060002;22060011;22060003;22060012;22060008;22060004	75
750	22060001;22060005;22060010;22060002;22060011;22060003;22060012;22060008;22060004	75
753	22060001;22060005;22060010;22060002;22060011;22060003;22060012;22060008;22060004	76
756	22060001;22060005;22060010;22060002;22060011;22060003;22060012;22060008;22060004	76
760	22060001;22060005;22060010;22060002;22060011;22060003;22060012;22060008;22060004	76
763	22060001;22060005;22060010;22060002;22060011;22060003;22060012;22060008;22060004	77
766	22060001;22060005;22060010;22060002;22060011;22060003;22060012;22060008;22060004	77
770	22060001;22060005;22060010;22060002;22060011;22060003;22060012;22060008;22060004	77
773	22060001;22060005;22060010;22060002;22060011;22060003;22060012;22060008;22060004	78
776	22060001;22060005;22060010;22060002;22060011;22060003;22060012;22060008;22060004	78
780	22060001;22060005;22060010;22060002;22060011;22060003;22060012;22060008;22060004	78
783	22060001;22060005;22060010;22060002;22060011;22060003;22060012;22060008;22060004	79
786	22060001;22060005;22060010;22060002;22060011;22060003;22060012;22060008;22060004	79
790	22060001;22060005;22060010;22060002;22060011;22060003;22060012;22060008;22060004	79
793	22060001;22060005;22060010;22060002;22060011;22060003;22060012;22060008;22060004	80
796	22060001;22060005;22060010;22060002;22060011;22060003;22060012;22060008;22060004	80
800	22060001;22060005;22060010;22060002;22060011;22060003;22060012;22060008;22060004	80
803	22060001;22060005;22060010;22060002;22060011;22060003;22060012;22060008;22060004	81
806	22060001;22060005;22060010;22060002;22060011;22060003;22060012;22060008;22060004	81
810	22060001;22060005;22060010;22060002;22060011;22060003;22060012;22060008;22060004	81
813	22060001;22060005;22060010;22060002;22060011;22060003;22060012;22060008;22060004	82
816	22060001;22060005;22060010;22060002;22060011;22060003;22060012;22060008;22060004	82
820	22060001;22060005;22060010;22060002;22060011;22060003;22060012;22060008;22060004	82
823	22060001;22060005;22060010;22060002;22060011;22060003;22060012;22060008;22060004	83
826	22060001;22060005;22060010;22060002;22060011;22060003;22060012;22060008;22060004	83
830	22060001;22060005;22060010;22060002;22060011;22060003;22060012;22060008;22060004	83
833	22060001;22060005;22060010;22060002;22060011;22060003;22060012;22060008;22060004	84
836	22060001;22060005;22060010;22060002;22060011;22060003;22060012;22060008;22060004	84
840	22060001;22060005;22060010;22060002;22060011;22060003;22060012;22060008;22060004	84
843	22060001;22060005;22060010;22060002;22060011;22060003;22060012;22060008;22060004	85
846	22060001;22060005;22060010;22060002;22060011;22060003;22060012;22060008;22060004	85
850	22060001;22060005;22060010;22060002;22060011;22060003;22060012;22060008;22060004	85
853	22060001;22060005;22060010;22060002;22060011;22060003;22060012;22060008;22060004	86
856	22060001;22060005;22060010;22060002;22060011;22060003;22060012;22060008;22060004	86
860	22060001;22060005;22060010;22060002;22060011;22060003;22060012;22060008;22060004	86
863	22060001;22060005;22060010;22060002;22060011;22060003;22060012;22060008;22060004	87
866	22060001;22060005;22060010;22060002;22060011;22060003;22060012;22060008;22060004	87
870	22060001;22060005;22060010;22060002;22060011;22060003;22060012;22060008;22060004	87
873	22060001;22060005;22060010;22060002;22060011;22060003;22060012;22060008;22060004	88
876	22060001;22060005;22060010;22060002;22060011;22060003;22060012;22060008;22060004	88
880	22060001;22060005;22060010;22060002;22060011;22060003;22060012;22060008;22060004	88
883	22060001;22060005;22060010;22060002;22060011;22060003;22060012;22060008;22060004	89
886	22060001;22060005;22060010;22060002;22060011;22060003;22060012;22060008;22060004	89
890	22060001;22060005;22060010;22060002;22060011;22060003;22060012;22060008;22060004	89
893	22060001;22060005;22060010;22060002;22060011;22060003;22060012;22060008;22060004	90
896	22060001;22060005;22060010;22060002;22060011;22060003;22060012;22060008;22060004	90
900	22060001;22060005;22060010;22060002;22060011;22060003;22060012;22060008;22060004	90
903	22060001;22060005;22060010;22060002;22060011;22060003;22060012;22060008;22060004	91
906	22060001;22060005;22060010;22060002;22060011;22060003;22060012;22060008;22060004	91
910	22060001;22060005;22060010;22060002;22060011;22060003;22060012;22060008;22060004	91
913	22060001;22060005;22060010;22060002;22060011;22060003;22060012;22060008;22060004	92
916	22060001;22060005;22060010;22060002;22060011;22060003;22060012;22060008;22060004	92
920	22060001;22060005;22060010;22060002;22060011;22060003;22060012;22060008;22060004	92
923	22060001;22060005;22060010;22060002;22060011;22060003;22060012;22060008;22060004	93
926	22060001;22060005;22060010;22060002;22060011;22060003;22060012;22060008;22060004	93
930	22060001;22060005;22060010;22060002;22060011;22060003;22060012;22060008;22060004	93
933	22060001;22060005;22060010;22060002;22060011;22060003;22060012;22060008;22060004	94
936	22060001;22060005;22060010;22060002;22060011;22060003;22060012;22060008;22060004	94
940	22060001;22060005;22060010;22060002;22060011;22060003;22060012;22060008;22060004	94
943	22060001;22060005;22060010;22060002;22060011;22060003;22060012;22060008;22060004	95
946	22060001;22060005;22060010;22060002;22060011;22060003;22060012;22060008;22060004	95
950	22060001;22060005;22060010;22060002;22060011;22060003;22060012;22060008;22060004	95
953	22060001;22060005;22060010;22060002;22060011;22060003;22060012;22060008;22060004	96
956	22060001;22060005;22060010;22060002;22060011;22060003;22060012;22060008;22060004	96
960	22060001;22060005;22060010;22060002;22060011;22060003;22060012;22060008;22060004	96
963	22060001;22060005;22060010;22060002;22060011;22060003;22060012;22060008;22060004	97
966	22060001;22060005;22060010;22060002;22060011;22060003;22060012;22060008;22060004	97
970	22060001;22060005;22060010;22060002;22060011;22060003;22060012;22060008;22060004	97
973	22060001;22060005;22060010;22060002;22060011;22060003;22060012;22060008;22060004	98
976	22060001;22060005;22060010;22060002;22060011;22060003;22060012;22060008;22060004	98
980	22060001;22060005;22060010;22060002;22060011;22060003;22060012;22060008;22060004	98
983	22060001;22060005;22060010;22060002;22060011;22060003;22060012;22060008;22060004	99
986	22060001;22060005;22060010;22060002;22060011;22060003;22060012;22060008;22060004	99
990	22060001;22060005;22060010;22060002;22060011;22060003;22060012;22060008;22060004	99
993	22060001;22060005;22060010;22060002;22060011;22060003;22060012;22060008;22060004	100
996	22060001;22060005;22060010;22060002;22060011;22060003;22060012;22060008;22060004	100
1000	22060001;22060005;22060010;22060002;22060011;22060003;22060012;22060008;22060004	100
