#状态ID	描述	特效ID	眩晕（概率）	沉默（概率）	即死概率	无敌(0否 1是)	屹立不倒(0否 1 是)	满血(0 否 1是)	加血减血（直接百分比）	满怒气(0 否 1是)	怒气	加怒气概率	物理攻击（百分比	法术攻击（百分比	物理防御（百分比	法术防御（百分比	提升的暴击	提升的闪避	提升的格挡	提升的反击	加血 通过武将的最高攻击来计算	减血 武将最高攻击与防御得出的伤害	持续回合	叠加(0不叠加 1叠加)	动画目录	动画帧数	动画播放类型（1、循环 2、播放一次 3、触发播放 4、不播放 5、播放一次+触发播放）	声音
statusid	description	icon	dizzy	silence	immediatelydead	god	cockroach	fullhp	addorsubhp	fullanger	anger	angerchance	phyatk	mgcatk	phydef	mgcdef	crit	dodge	block	counterattack	addhp	minushp	round	superposition	animationforld	animationFPS	animationtype	music
15010000	对敌全体造成70%物理伤害，自身2回合内增加60%格挡与100%物理防御	0	0	0	0	0	0	0	0	0	0	0	0	0	1	0	0	0	6000	0	0	0	3	0	gedang_	13	2	
15010001	对敌横排造成120%物理伤害，自身2回合内增加100%反击，恢复造成伤害50%的生命值	0	0	0	0	0	0	0	0	0	0	0	0	0	0	0	0	0	0	10000	0	0	3	0	fanji_	13	2	
15010002	对敌全体造成60%法术伤害并有50%几率昏迷1回合	0	5000	0	0	0	0	0	0	0	0	0	0	0	0	0	0	0	0	0	0	0	1	0	xuanyun_	13	1	
15010003	对敌横排造成120%物理伤害，自身2回合内增加70%闪避。	0	0	0	0	0	0	0	0	0	0	0	0	0	0	0	0	7000	0	0	0	0	3	0	shanbi_	16	2	
15010004	对敌全体造成50%物理伤害，敌方2回合内降低50%防御与50%攻击	0	0	0	0	0	0	0	0	0	0	0	-0.5	-0.5	-0.5	-0.5	0	0	0	0	0	0	2	0	jiangdigongji_	13	2	
15010005	优先对敌后排造成5%法术伤害，其2回合内，每回合受到司马懿法攻150%的伤害	0	0	0	0	0	0	0	0	0	0	0	0	0	0	0	0	0	0	0	0	1.5	2	0	zhongdu_	13	3	zhongduZT.mp3
15010006	对敌随机目标及目标周围敌人造成90%的物理伤害	0	0	0	0	0	0	0	0	0	0	0	0	0	0	0	0	0	0	0	0	0	0	0	0	0	4	
15010007	提升友方全体1点怒气	0	0	0	0	0	0	0	0	0	1	10000	0	0	0	0	0	0	0	0	0	0	1	0	nuqizengjia_	13	5	jianuqiZT.mp3
15010008	对敌全体造成65%物理伤害并沉默1回合	0	0	10000	0	0	0	0	0	0	0	0	0	0	0	0	0	0	0	0	0	0	1	0	chenmo_	12	1	
15010009	对敌单体造成250%法术伤害并昏迷1回合	0	10000	0	0	0	0	0	0	0	0	0	0	0	0	0	0	0	0	0	0	0	1	0	xuanyun_	13	1	
15010010	对敌全体造成50%物理伤害，敌方3回合内每回合受到黄忠物攻30%的伤害	0	0	0	0	0	0	0	0	0	0	0	0	0	0	0	0	0	0	0	0	0.3	3	0	zhongdu_	13	3	zhongduZT.mp3
15010011	对敌随机单体造成140%物理伤害，自身2回合内增加1000%物理防御与200%法术防御	0	0	0	0	0	0	0	0	0	0	0	0	0	10	2	0	0	0	0	0	0	3	0	wulifangyu_	8	2	
15010012	对敌横排造成160%物理伤害，降低其2点怒气与30%攻击	0	0	0	0	0	0	0	0	0	-2	10000	-0.3	-0.3	0	0	0	0	0	0	0	0	1	0	nuqijianshao_	16	5	jiannuqiZT.mp3
15010013	对敌全体造成50%物理伤害，自身2回合内增加50%反击与50%格挡	0	0	0	0	0	0	0	0	0	0	0	0	0	0	0	0	0	5000	5000	0	0	3	0	fanji_	13	2	
15010014	对敌竖排造成130%法术伤害，其2回合内每回合受到郭嘉法攻60%的伤害	0	0	0	0	0	0	0	0	0	0	0	0	0	0	0	0	0	0	0	0	0.6	2	0	zhongdu_	13	3	zhongduZT.mp3
15010015	对敌竖排造成90%物理伤害，35%几率使其沉默1回合	0	0	3500	0	0	0	0	0	0	0	0	0	0	0	0	0	0	0	0	0	0	1	0	chenmo_	12	1	
15010016	对敌竖排造成110%物理伤害，25%几率使其昏迷1回合	0	2500	0	0	0	0	0	0	0	0	0	0	0	0	0	0	0	0	0	0	0	1	0	xuanyun_	13	1	
15010017	提升自身及周围武将50%防御和100%攻击，持续1回合	0	0	0	0	0	0	0	0	0	0	0	1	1	0.5	0.5	0	0	0	0	0	0	1	0	gongjizengjia_	13	2	
15010018	对敌单体造成170%法术伤害，减少其3点怒气	0	0	0	0	0	0	0	0	0	-3	0	0	0	0	0	0	0	0	0	0	0	1	0	nuqijianshao_	16	5	jiannuqiZT.mp3
15010019	对敌横排造成80%物理伤害，自身2回合内增加30%格挡、200%防御，恢复造成伤害30%的生命值	0	0	0	0	0	0	0	0	0	0	0	0	0	2	2	0	0	3000	0	0	0	3	0	wulifangyu_	8	2	
15010020	己方全体，受到黄月英法攻的80%的治疗，1回合内50%格挡	0	0	0	0	0	0	0	0	0	0	0	0	0	0	0	0	0	5000	0	0	0	1	0	gedang_	13	2	
15010021	对敌随机单体造成130%物理伤害，其5回合内每回合受到吕蒙物攻60%的伤害	0	0	0	0	0	0	0	0	0	0	0	0	0	0	0	0	0	0	0	0	0.6	5	0	zhongdu_	13	3	zhongduZT.mp3
15010022	对敌横排造成110%物理伤害，50%几率出现暴击	0	0	0	0	0	0	0	0	0	0	0	0	0	0	0	5000	0	0	0	0	0	1	0	baoji_	13	2	
15010023	每个回合提升自己及周围武将1点怒气，持续2个回合	0	0	0	0	0	0	0	0	0	1	10000	0	0	0	0	0	0	0	0	0	0	2	0	nuqizengjia_	13	5	jianuqiZT.mp3
15010024	对敌随机目标100%法术伤害，其2回合内每1回合降低该武将1点怒气	0	0	0	0	0	0	0	0	0	-1	10000	0	0	0	0	0	0	0	0	0	0	2	0	nuqijianshao_	16	5	jiannuqiZT.mp3
15010025	恢复友方生命值最低的单位，恢复量为庞统法攻的200%，并使其法术防御提高1000%，持续1回合	0	0	0	0	0	0	0	0	0	0	0	0	0	0	10	0	0	0	0	0	0	2	0	fashufangyu_	13	2	
15010026	对敌前排造成130%物理伤害，自身2回合内增加50%伤害	0	0	0	0	0	0	0	0	0	0	0	0.5	0.5	0	0	0	0	0	0	0	0	2	0	shanbi_	16	2	
15010027	对敌横排造成120%物理伤害，自身2回合内增加30%伤害	0	0	0	0	0	0	0	0	0	0	0	0.3	0.3	0	0	0	0	0	0	0	0	2	0	gedang_	13	2	
15010028	对敌全体造成30%法术伤害，敌方3回合内每回合受到陆逊法攻20%的伤害（可叠加）	0	0	0	0	0	0	0	0	0	0	0	0	0	0	0	0	0	0	0	0	0.2	3	1	zhongdu_	13	3	zhongduZT.mp3
15010029	对敌前排造成110%物理伤害，恢复造成伤害60%的生命值	0	0	0	0	0	0	0	0	0	0	0	0	0	0	0	0	0	0	0	0	0	2	0	jiaxue41GG_	13	2	jiaxue.mp3
15010030	对敌横排造成110%物理伤害，恢复造成伤害50%的生命值	0	0	0	0	0	0	0	0	0	0	0	0	0	0	0	0	0	0	0	0	0	2	0	jiaxue41GG_	13	2	jiaxue.mp3
15010031	对敌随机目标及目标周围造成90%物理伤害，其1回合内对降低40%伤害	0	0	0	0	0	0	0	0	0	0	0	-0.4	-0.4	0	0	0	0	0	0	0	0	1	0	jiangdigongji_	13	2	
15010032	治疗己方所有人，治疗量为辛宪英法攻的100%	0	0	0	0	0	0	0	0	0	0	0	0	0	0	0	0	0	0	0	0	0	0	0	0	0	4	
15010033	优先对敌后排单体造成200%法术伤害，使其昏迷1回合	0	10000	0	0	0	0	0	0	0	0	0	0	0	0	0	0	0	0	0	0	0	1	0	xuanyun_	13	1	
15010034	对敌全体造成45%法术伤害，减少其1怒气	0	0	0	0	0	0	0	0	0	-1	10000	0	0	0	0	0	0	0	0	0	0	1	0	nuqijianshao_	16	5	jiannuqiZT.mp3
15010035	对敌随机目标及其周围造成80%的物理伤害，减少其2怒气	0	0	0	0	0	0	0	0	0	-2	10000	0	0	0	0	0	0	0	0	0	0	1	0	nuqijianshao_	16	5	jiannuqiZT.mp3
15010036	优先对敌后排单体造成300%物理伤害，使其昏迷2回合	0	10000	0	0	0	0	0	0	0	0	0	0	0	0	0	0	0	0	0	0	0	2	0	xuanyun_	13	1	
15010037	增加自身250%攻击、防御，持续两回合	0	0	0	0	0	0	0	0	0	0	0	2.5	2.5	2.5	2.5	0	0	0	0	0	0	3	0	gongjizengjia_	13	2	
15010038	提升己方后排100%攻击力，持续2回合	0	0	0	0	0	0	0	0	0	0	0	1	1	0	0	0	0	0	0	0	0	2	0	gongjizengjia_	13	2	
15010039	优先对敌后排单体造成50%法术伤害，50%几率使其沉默10回合	0	0	5000	0	0	0	0	0	0	0	0	0	0	0	0	0	0	0	0	0	0	10	0	chenmo_	12	1	
15010040	对敌随机目标及其周围造成60%的物理伤害，30%几率使其昏迷1回合	0	3000	0	0	0	0	0	0	0	0	0	0	0	0	0	0	0	0	0	0	0	1	0	xuanyun_	13	1	
15010041	对敌全体造成300%物理伤害，30%几率使敌人攻击提升1000%，持续1回合	0	0	0	0	0	0	0	0	0	0	0	10	10	0	0	0	0	0	0	0	0	1	0	gongjizengjia_	13	1	
15010042	对敌全体造成60%物理伤害	0	0	0	0	0	0	0	0	0	0	0	0	0	0	0	0	0	0	0	0	0	0	0	0	0	4	
15010043	对敌单体造成200%法术伤害，使目标沉默2回合	0	0	10000	0	0	0	0	0	0	0	0	0	0	0	0	0	0	0	0	0	0	2	0	chenmo_	12	1	
15010044	治疗己方所有人，治疗量为荀法攻的60%	0	0	0	0	0	0	0	0	0	0	0	0	0	0	0	0	0	0	0	0	0	0	0	0	0	4	
15010045	对敌横排造成110%法术伤害，其3回合内每回合受到张昭法攻20%的伤害	0	0	0	0	0	0	0	0	0	0	0	0	0	0	0	0	0	0	0	0	0.2	3	0	zhongdu_	13	3	zhongduZT.mp3
15010046	对敌横排造成90%物理伤害，自身2回合内增加50%格挡	0	0	0	0	0	0	0	0	0	0	0	0	0	0	0	0	0	5000	0	0	0	3	0	gedang_	13	2	
15010047	对敌竖排造成90%物理伤害，恢复造成伤害70%的生命值	0	0	0	0	0	0	0	0	0	0	0	0	0	0	0	0	0	0	0	0	0	2	0	jiaxue41GG_	13	2	jiaxue.mp3
15010048	对敌随机单体造成200%物理伤害，1回合内使其昏迷	0	10000	0	0	0	0	0	0	0	0	0	0	0	0	0	0	0	0	0	0	0	1	0	xuanyun_	13	1	
15010049	优先对敌后排造成90%物理伤害，自身2回合内增加60%物防与法防	0	0	0	0	0	0	0	0	0	0	0	0	0	0.6	0.6	0	0	0	0	0	0	3	0	wulifangyu_	8	2	
15010050	优先对敌后排单体造成300%物理伤害，25%几率暴击	0	0	0	0	0	0	0	0	0	0	0	0	0	0	0	2500	0	0	0	0	0	1	0	baoji_	13	2	
15020000	对敌方所有人造成50%物理伤害，并提升自身100%暴击。	0	0	0	0	0	0	0	0	0	0	0	0	0	0	0	10000	0	0	0	0	0	1	0	baoji_	13	2	
15020001	对敌方竖列所有人造成70%物理伤害，并在一回合内提升自身100%暴击	0	0	0	0	0	0	0	0	0	0	0	0	0	0	0	10000	0	0	0	0	0	1	0	baoji_	13	2	
15020002	对敌方横排所有人造成70%物理伤害，并在一回合内提升自身100%暴击	0	0	0	0	0	0	0	0	0	0	0	0	0	0	0	10000	0	0	0	0	0	1	0	baoji_	13	2	
15020003	对敌方随机单体造成130%物理伤害，并提升自身100%暴击。	0	0	0	0	0	0	0	0	0	0	0	0	0	0	0	10000	0	0	0	0	0	1	0	baoji_	13	2	
15020004	对敌方后排单体造成130%物理伤害，并提升自身100%暴击。	0	0	0	0	0	0	0	0	0	0	0	0	0	0	0	10000	0	0	0	0	0	1	0	baoji_	13	2	
15020005	对敌方前排单体造成130%物理伤害，并提升自身100%暴击。	0	0	0	0	0	0	0	0	0	0	0	0	0	0	0	10000	0	0	0	0	0	1	0	baoji_	13	2	
15020006	对敌方所有人造成50%法术伤害，并提升自身100%暴击。	0	0	0	0	0	0	0	0	0	0	0	0	0	0	0	10000	0	0	0	0	0	1	0	baoji_	13	2	
15020007	对敌方竖列所有人造成70%法术伤害，并在一回合内提升自身100%暴击	0	0	0	0	0	0	0	0	0	0	0	0	0	0	0	10000	0	0	0	0	0	1	0	baoji_	13	2	
15020008	对敌方横排所有人造成70%法术伤害，并在一回合内提升自身100%暴击	0	0	0	0	0	0	0	0	0	0	0	0	0	0	0	10000	0	0	0	0	0	1	0	baoji_	13	2	
15020009	对敌方随机单体造成130%法术伤害，并提升自身100%暴击。	0	0	0	0	0	0	0	0	0	0	0	0	0	0	0	10000	0	0	0	0	0	1	0	baoji_	13	2	
15020010	对敌方后排单体造成120%法术伤害，并提升自身100%暴击。	0	0	0	0	0	0	0	0	0	0	0	0	0	0	0	10000	0	0	0	0	0	1	0	baoji_	13	2	
15020011	对敌方前排单体造成130%法术伤害，并提升自身100%暴击。	0	0	0	0	0	0	0	0	0	0	0	0	0	0	0	10000	0	0	0	0	0	1	0	baoji_	13	2	
15020012	对敌方所有人造成75%物理伤害并有50%几率对敌方所有人眩晕1回合	0	10000	0	0	0	0	0	0	0	0	0	0	0	0	0	0	0	0	0	0	0	1	0	xuanyun_	13	1	
15020013	对敌方随机单体目标造成140%物理伤害并眩晕1回合	0	10000	0	0	0	0	0	0	0	0	0	0	0	0	0	0	0	0	0	0	0	1	0	xuanyun_	13	1	
15020014	对敌方后排单体目标造成140%物理伤害，并使目标眩晕1回合	0	10000	0	0	0	0	0	0	0	0	0	0	0	0	0	0	0	0	0	0	0	1	0	xuanyun_	13	1	
15020015	对敌方前排单体目标造成140%物理伤害并眩晕1回合	0	10000	0	0	0	0	0	0	0	0	0	0	0	0	0	0	0	0	0	0	0	1	0	xuanyun_	13	1	
15020016	对敌方所有人造成75%法术伤害并有50%几率对敌方所有人眩晕1回合	0	10000	0	0	0	0	0	0	0	0	0	0	0	0	0	0	0	0	0	0	0	1	0	xuanyun_	13	1	
15020017	对敌方随机单体目标造成140%法术伤害并眩晕1回合	0	10000	0	0	0	0	0	0	0	0	0	0	0	0	0	0	0	0	0	0	0	1	0	xuanyun_	13	1	
15020018	对敌方后排单体目标造成140%法术伤害，并使目标眩晕1回合	0	10000	0	0	0	0	0	0	0	0	0	0	0	0	0	0	0	0	0	0	0	1	0	xuanyun_	13	1	
15020019	对敌方前排单体目标造成140%法术伤害，并眩晕1回合	0	10000	0	0	0	0	0	0	0	0	0	0	0	0	0	0	0	0	0	0	0	1	0	xuanyun_	13	1	
15020020	对敌方所有人造成75%物理伤害并全体沉默2回合	0	0	10000	0	0	0	0	0	0	0	0	0	0	0	0	0	0	0	0	0	0	2	0	chenmo_	12	1	
15020021	对敌方后排随机单体目标造成130%物理伤害并沉默该目标3回合	0	0	10000	0	0	0	0	0	0	0	0	0	0	0	0	0	0	0	0	0	0	3	0	chenmo_	12	1	
15020022	优先对后列同排目标造成160%物理伤害，并在2回合内使目标沉默	0	0	10000	0	0	0	0	0	0	0	0	0	0	0	0	0	0	0	0	0	0	2	0	chenmo_	12	1	
15020023	对敌方前排单体目标造成160%物理伤害，并在2回合内使目标沉默	0	0	10000	0	0	0	0	0	0	0	0	0	0	0	0	0	0	0	0	0	0	2	0	chenmo_	12	1	
15020024	对敌方所有人造成75%法术伤害并全体沉默2回合	0	0	10000	0	0	0	0	0	0	0	0	0	0	0	0	0	0	0	0	0	0	2	0	chenmo_	12	1	
15020025	对敌方后排随机单体目标造成130%法术伤害并沉默该目标3回合	0	0	10000	0	0	0	0	0	0	0	0	0	0	0	0	0	0	0	0	0	0	3	0	chenmo_	12	1	
15020026	优先对后列同排目标造成160%法术伤害，并在2回合内使目标沉默	0	0	10000	0	0	0	0	0	0	0	0	0	0	0	0	0	0	0	0	0	0	2	0	chenmo_	12	1	
15020027	对敌方前排单体目标造成160%法术伤害，并在2回合内使目标沉默	0	0	10000	0	0	0	0	0	0	0	0	0	0	0	0	0	0	0	0	0	0	2	0	chenmo_	12	1	
15020028	对敌军后列造成110%物理伤害，并在2回合内提升自身35%闪避。	0	0	0	0	0	0	0	0	0	0	0	0	0	0	0	0	3500	0	0	0	0	2	0	shanbi_	16	2	
15020029	对敌方竖列所有人造成90%物理伤害，并在2回合内提升自身30%闪避	0	0	0	0	0	0	0	0	0	0	0	0	0	0	0	0	3000	0	0	0	0	2	0	shanbi_	16	2	
15020030	对敌方后排造成140%的物理伤害，同2回合内提升自身30%闪避	0	0	0	0	0	0	0	0	0	0	0	0	0	0	0	0	3000	0	0	0	0	2	0	shanbi_	16	2	
15020031	对敌方前排单体目标造成170%物理伤害，并在一回合内提升自身20%闪避	0	0	0	0	0	0	0	0	0	0	0	0	0	0	0	0	2000	0	0	0	0	2	0	shanbi_	16	2	
15020032	对敌军后列造成110%法术伤害，并在2回合内提升自身35%闪避。	0	0	0	0	0	0	0	0	0	0	0	0	0	0	0	0	3500	0	0	0	0	2	0	shanbi_	16	2	
15020033	对敌方竖列所有人造成90%法术伤害，并在2回合内提升自身30%闪避	0	0	0	0	0	0	0	0	0	0	0	0	0	0	0	0	3000	0	0	0	0	2	0	shanbi_	16	2	
15020034	对敌方后排造成140%的法术伤害，同2回合内提升自身30%闪避	0	0	0	0	0	0	0	0	0	0	0	0	0	0	0	0	3000	0	0	0	0	2	0	shanbi_	16	2	
15020035	对敌方前排单体目标造成170%法术伤害，并在一回合内提升自身20%闪避	0	0	0	0	0	0	0	0	0	0	0	0	0	0	0	0	2000	0	0	0	0	2	0	shanbi_	16	2	
15020036	对敌方后排单体造成140%的物理伤害，同时内提升自身50%格挡率2回合	0	0	0	0	0	0	0	0	0	0	0	0	0	0	0	0	0	5000	0	0	0	2	0	gedang_	13	2	
15020037	对敌方横排所有人造成90%物理伤害，并在2回合内提升自身30%格挡	0	0	0	0	0	0	0	0	0	0	0	0	0	0	0	0	0	3000	0	0	0	2	0	gedang_	13	2	
15020038	对敌方竖列所有人造成90%物理伤害，并在2回合内提升自身30%格挡	0	0	0	0	0	0	0	0	0	0	0	0	0	0	0	0	0	3000	0	0	0	2	0	gedang_	13	2	
15020039	对敌方前排单体目标造成160%物理伤害，并在一回合内提升自身30%格挡	0	0	0	0	0	0	0	0	0	0	0	0	0	0	0	0	0	3000	0	0	0	1	0	gedang_	13	2	
15020040	对敌方后排单体造成140%的法术伤害，同时内提升自身50%格挡率2回合	0	0	0	0	0	0	0	0	0	0	0	0	0	0	0	0	0	5000	0	0	0	2	0	gedang_	13	2	
15020041	对敌方横排所有人造成90%法术伤害，并在2回合内提升自身30%格挡	0	0	0	0	0	0	0	0	0	0	0	0	0	0	0	0	0	3000	0	0	0	2	0	gedang_	13	2	
15020042	对敌方竖列所有人造成90%法术伤害，并在2回合内提升自身30%格挡	0	0	0	0	0	0	0	0	0	0	0	0	0	0	0	0	0	3000	0	0	0	2	0	gedang_	13	2	
15020043	对敌方前排单体目标造成160%法术伤害，并在一回合内提升自身30%格挡	0	0	0	0	0	0	0	0	0	0	0	0	0	0	0	0	0	3000	0	0	0	1	0	gedang_	13	2	
15020044	根据自身法术攻击的70%治疗己方所有人	0	0	0	0	0	0	0	0	0	0	0	0	0	0	0	0	0	0	0	0.7	0	1	0	0	0	4	
15020045	根据自身法术攻击的80%来恢复HP最低的队友生命值，同时在1回合内提升自身50%闪避	0	0	0	0	0	0	0	0	0	0	0	0	0	0	0	0	5000	0	0	0	0	1	0	shanbi_	16	2	
15020046	根据自身法术攻击的100%来恢复HP最低的队友生命值	0	0	0	0	0	0	0	0	0	0	0	0	0	0	0	0	0	0	0	1	0	1	0	0	0	4	
15020047	根据自身法术攻击的70%治疗己方前排所有人	0	0	0	0	0	0	0	0	0	0	0	0	0	0	0	0	0	0	0	0.7	0	1	0	0	0	4	
15020048	根据自身法术攻击的70%治疗己方一列所有人	0	0	0	0	0	0	0	0	0	0	0	0	0	0	0	0	0	0	0	0.7	0	1	0	0	0	4	
15020049	对敌方随机单体目标造成170%物理伤害并使该目标中毒。中毒状态下每回合损失造成10%的物理伤害，持续4回合	0	0	0	0	0	0	0	0	0	0	0	0	0	0	0	0	0	0	0	0	0.1	4	0	zhongdu_	13	3	zhongduZT.mp3
15020050	对敌方后排单体目标造成170%物理伤害并使该目标中毒。中毒状态下每回合造成10%的物理伤害，持续3回合	0	0	0	0	0	0	0	0	0	0	0	0	0	0	0	0	0	0	0	0	0.1	3	0	zhongdu_	13	3	zhongduZT.mp3
15020051	对敌方横排目标造成70%物理伤害，并使该目标中毒。中毒状态下每回合造成10%的物理伤害，持续2回合	0	0	0	0	0	0	0	0	0	0	0	0	0	0	0	0	0	0	0	0	0.1	2	0	zhongdu_	13	3	zhongduZT.mp3
15020052	对敌方竖列目标造成70%物理伤害，并使该目标中毒。中毒状态下每回合造成10%的物理伤害，持续2回合	0	0	0	0	0	0	0	0	0	0	0	0	0	0	0	0	0	0	0	0	0.1	2	0	zhongdu_	13	3	zhongduZT.mp3
15020053	对敌方随机单体目标造成170%法术伤害并使该目标中毒。中毒状态下每回合损失造成10%的法术伤害，持续4回合	0	0	0	0	0	0	0	0	0	0	0	0	0	0	0	0	0	0	0	0	0.1	4	0	zhongdu_	13	3	zhongduZT.mp3
15020054	对敌方后排单体目标造成170%法术伤害并使该目标中毒。中毒状态下每回合造成10%的法术伤害，持续3回合	0	0	0	0	0	0	0	0	0	0	0	0	0	0	0	0	0	0	0	0	0.1	3	0	zhongdu_	13	3	zhongduZT.mp3
15020055	对敌方横排目标造成70%法术伤害，并使该目标中毒。中毒状态下每回合造成10%的法术伤害，持续2回合	0	0	0	0	0	0	0	0	0	0	0	0	0	0	0	0	0	0	0	0	0.1	2	0	zhongdu_	13	3	zhongduZT.mp3
15020056	对敌方竖列目标造成70%法术伤害，并使该目标中毒。中毒状态下每回合造成10%的法术伤害，持续2回合	0	0	0	0	0	0	0	0	0	0	0	0	0	0	0	0	0	0	0	0	0.1	2	0	zhongdu_	13	3	zhongduZT.mp3
15020057	每个回合提升单个武将1点怒气，持续2个回合	0	0	0	0	0	0	0	0	0	1	10000	0	0	0	0	0	0	0	0	0	0	2	0	nuqizengjia_	13	5	jianuqiZT.mp3
15020058	每个回合提升后排单个武将1点怒气，持续2个回合	0	0	0	0	0	0	0	0	0	1	10000	0	0	0	0	0	0	0	0	0	0	2	0	nuqizengjia_	13	5	jianuqiZT.mp3
15020059	提升后排所有武将1点怒气，持续1回合	0	0	0	0	0	0	0	0	0	1	10000	0	0	0	0	0	0	0	0	0	0	1	0	nuqizengjia_	13	5	jianuqiZT.mp3
15020060	对敌军后列造成80%物理伤害，并降低对面一列怒气2点	0	0	0	0	0	0	0	0	0	-2	10000	0	0	0	0	0	0	0	0	0	0	1	0	nuqijianshao_	16	5	jiannuqiZT.mp3
15020061	对敌方单体目标造成150%物理伤害，并减少对方该武将怒气3点	0	0	0	0	0	0	0	0	0	-3	10000	0	0	0	0	0	0	0	0	0	0	1	0	nuqijianshao_	16	5	jiannuqiZT.mp3
15020062	对敌方单体目标造成160%物理伤害，持续降低对方一名武将怒气2回合，每回合1点	0	0	0	0	0	0	0	0	0	-1	10000	0	0	0	0	0	0	0	0	0	0	2	0	nuqijianshao_	16	5	jiannuqiZT.mp3
15020063	对敌军后列造成80%法术伤害，并降低对面一列怒气2点	0	0	0	0	0	0	0	0	0	-2	10000	0	0	0	0	0	0	0	0	0	0	1	0	nuqijianshao_	16	5	jiannuqiZT.mp3
15020064	对敌方单体目标造成150%法术伤害，并减少对方该武将怒气3点	0	0	0	0	0	0	0	0	0	-3	10000	0	0	0	0	0	0	0	0	0	0	1	0	nuqijianshao_	16	5	jiannuqiZT.mp3
15020065	对敌方单体目标造成160%法术伤害，持续降低对方一名武将怒气2回合，每回合1点	0	0	0	0	0	0	0	0	0	-1	10000	0	0	0	0	0	0	0	0	0	0	2	0	nuqijianshao_	16	5	jiannuqiZT.mp3
15020066	对敌方随机单体造成150%的物理伤害，同时2回合内提升自身30%物理防御&法术防御	0	0	0	0	0	0	0	0	0	0	0	0	0	0.3	0.3	0	0	0	0	0	0	2	0	wulifangyu_	8	2	
15020067	对敌方竖列所有人造成90%的物理伤害，同时提升自身20%物理防御，持续2回合	0	0	0	0	0	0	0	0	0	0	0	0	0	0.2	0	0	0	0	0	0	0	2	0	wulifangyu_	8	2	
15020068	对敌方横排所有人造成90%物理伤害，并在2回合内提升自身20%物理防御	0	0	0	0	0	0	0	0	0	0	0	0	0	0.2	0	0	0	0	0	0	0	2	0	wulifangyu_	8	2	
15020069	对敌方前排单体造成150%的物理伤害，同时2回合内提升自身20%物理防御&法术防御	0	0	0	0	0	0	0	0	0	0	0	0	0	0.2	0.2	0	0	0	0	0	0	2	0	wulifangyu_	8	2	
15020070	对敌方后排单体造成150%的物理伤害，同时2回合内提升自身20%物理防御&法术防御	0	0	0	0	0	0	0	0	0	0	0	0	0	0.2	0.2	0	0	0	0	0	0	2	0	wulifangyu_	8	2	
15020071	对敌方随机单体造成150%的法术伤害，同时2回合内提升自身30%物理防御&法术防御	0	0	0	0	0	0	0	0	0	0	0	0	0	0.3	0.3	0	0	0	0	0	0	2	0	wulifangyu_	8	2	
15020072	对敌方竖列所有人造成90%的法术伤害，同时提升自身20%物理防御，持续2回合	0	0	0	0	0	0	0	0	0	0	0	0	0	0.2	0	0	0	0	0	0	0	2	0	wulifangyu_	8	2	
15020073	对敌方横排所有人造成90%法术伤害，并在2回合内提升自身20%物理防御	0	0	0	0	0	0	0	0	0	0	0	0	0	0.2	0	0	0	0	0	0	0	2	0	wulifangyu_	8	2	
15020074	对敌方前排单体造成150%的法术伤害，同时2回合内提升自身20%物理防御&法术防御	0	0	0	0	0	0	0	0	0	0	0	0	0	0.2	0.2	0	0	0	0	0	0	2	0	wulifangyu_	8	2	
15020075	对敌方后排单体造成150%的法术伤害，同时2回合内提升自身20%物理防御&法术防御	0	0	0	0	0	0	0	0	0	0	0	0	0	0.2	0.2	0	0	0	0	0	0	2	0	wulifangyu_	8	2	
15020076	提升第一横排己军30%物理攻击&法术攻击2回合	0	0	0	0	0	0	0	0	0	0	0	0.3	0.3	0	0	0	0	0	0	0	0	2	0	gongjizengjia_	13	2	
15020077	提升自身及周围武将30%法术防御3回合	0	0	0	0	0	0	0	0	0	0	0	0	0	0	0.3	0	0	0	0	0	0	3	0	fashufangyu_	13	2	
15020078	提升己军后排20%物理攻击&法术攻击2回合	0	0	0	0	0	0	0	0	0	0	0	0.2	0.2	0	0	0	0	0	0	0	0	2	0	gongjizengjia_	13	2	
15020079	对敌方所有人造成75%物理伤害，并在2回合内降低敌方所有人20%物理防御	0	0	0	0	0	0	0	0	0	0	0	0	0	-0.2	0	0	0	0	0	0	0	2	0	jiangdiwufang_	12	2	
15020080	对敌军前排单体目标造成160%物理伤害，并降低敌方前排35%物理防御&法术防御1回合	0	0	0	0	0	0	0	0	0	0	0	0	0	-0.35	-0.35	0	0	0	0	0	0	1	0	jiangdiwufang_	12	2	
15020081	对敌军前排单体目标造成200%物理伤害，并降低敌军前列所有人20%法术防御1回合	0	0	0	0	0	0	0	0	0	0	0	0	0	0	-0.2	0	0	0	0	0	0	1	0	jiangdifafang_	13	2	
15020082	对敌方目标及目标周围敌人造成80%物理伤害，并降低对方及其周围武将20%法术防御2回合	0	0	0	0	0	0	0	0	0	0	0	0	0	0	-0.2	0	0	0	0	0	0	2	0	jiangdifafang_	13	2	
15020083	对敌方竖列所有人造成90%物理伤害，并使目标在2回合内降低20%物理防御	0	0	0	0	0	0	0	0	0	0	0	0	0	-0.2	0	0	0	0	0	0	0	2	0	jiangdiwufang_	12	2	
15020084	对敌方横排所有人造成90%物理伤害，并使目标在2回合内降低20%物理防御	0	0	0	0	0	0	0	0	0	0	0	0	0	-0.2	0	0	0	0	0	0	0	2	0	jiangdiwufang_	12	2	
15020085	对敌方后排单体目标造成160%物理伤害，并在2回合内降低目标20%物理攻击&法术攻击	0	0	0	0	0	0	0	0	0	0	0	-0.2	-0.2	0	0	0	0	0	0	0	0	2	0	jiangdigongji_	13	2	
15020086	对敌方后排所有人造成80%物理伤害。并在2回合内降低对目标15%物理防御	0	0	0	0	0	0	0	0	0	0	0	0	0	-0.15	0	0	0	0	0	0	0	2	0	jiangdiwufang_	12	2	
15020087	对敌方所有人造成75%法术伤害，并在2回合内降低敌方所有人20%物理防御	0	0	0	0	0	0	0	0	0	0	0	0	0	-0.2	0	0	0	0	0	0	0	2	0	jiangdiwufang_	12	2	
15020088	对敌军前排单体目标造成160%法术伤害，并降低敌方前排35%物理防御&法术防御1回合	0	0	0	0	0	0	0	0	0	0	0	0	0	-0.35	-0.35	0	0	0	0	0	0	1	0	jiangdiwufang_	12	2	
15020089	对敌军前排单体目标造成200%法术伤害，并降低敌军前列所有人20%法术防御1回合	0	0	0	0	0	0	0	0	0	0	0	0	0	0	-0.2	0	0	0	0	0	0	1	0	jiangdifafang_	13	2	
15020090	对敌方目标及目标周围敌人造成80%法术伤害，并降低对方及其周围武将20%法术防御2回合	0	0	0	0	0	0	0	0	0	0	0	0	0	0	-0.2	0	0	0	0	0	0	2	0	jiangdifafang_	13	2	
15020091	对敌方竖列所有人造成90%法术伤害，并使目标在2回合内降低20%物理防御	0	0	0	0	0	0	0	0	0	0	0	0	0	-0.2	0	0	0	0	0	0	0	2	0	jiangdiwufang_	12	2	
15020092	对敌方横排所有人造成90%法术伤害，并使目标在2回合内降低20%物理防御	0	0	0	0	0	0	0	0	0	0	0	0	0	-0.2	0	0	0	0	0	0	0	2	0	jiangdiwufang_	12	2	
15020093	对敌方后排单体目标造成160%法术伤害，并在2回合内降低目标20%物理攻击&法术攻击	0	0	0	0	0	0	0	0	0	0	0	-0.2	-0.2	0	0	0	0	0	0	0	0	2	0	jiangdigongji_	13	2	
15020094	对敌方后排所有人造成80%法术伤害。并在2回合内降低对目标15%物理防御	0	0	0	0	0	0	0	0	0	0	0	0	0	-0.15	0	0	0	0	0	0	0	2	0	jiangdiwufang_	12	2	
15020095	根据自身法术攻击的80%来恢复单个队友生命值	0	0	0	0	0	0	0	0	0	0	0	0	0	0	0	0	0	0	0	0.8	0	1	0	jiangdiwufang_	12	2	
15030001	增加双防	0	0	0	0	0	0	0	0	0	0	0	0	0	0.2	0.2	0	0	0	0	0	0	99	0	wulifangyu_	8	2	
15030002	减少双防	0	0	0	0	0	0	0	0	0	0	0	0	0	-0.1	-0.1	0	0	0	0	0	0	99	0	jiangdiwufang_	12	2	
15030003	减少双防	0	0	0	0	0	0	0	0	0	0	0	0	0	-0.05	-0.05	0	0	0	0	0	0	99	0	jiangdiwufang_	12	2	
15030004	增加双防	0	0	0	0	0	0	0	0	0	0	0	0	0	0.25	0.25	0	0	0	0	0	0	99	0	wulifangyu_	8	2	
15030005	减少双防	0	0	0	0	0	0	0	0	0	0	0	0	0	-0.12	-0.12	0	0	0	0	0	0	99	0	jiangdiwufang_	12	2	
15030006	减少双防	0	0	0	0	0	0	0	0	0	0	0	0	0	-0.06	-0.06	0	0	0	0	0	0	99	0	jiangdiwufang_	12	2	
15030007	增加双防	0	0	0	0	0	0	0	0	0	0	0	0	0	0.3	0.3	0	0	0	0	0	0	99	0	wulifangyu_	8	2	
15030008	减少双防	0	0	0	0	0	0	0	0	0	0	0	0	0	-0.15	-0.15	0	0	0	0	0	0	99	0	jiangdiwufang_	12	2	
15030009	减少双防	0	0	0	0	0	0	0	0	0	0	0	0	0	-0.07	-0.07	0	0	0	0	0	0	99	0	jiangdiwufang_	12	2	
15030010	增加双防	0	0	0	0	0	0	0	0	0	0	0	0	0	0.2	0.2	0	0	0	0	0	0	99	0	wulifangyu_	8	2	
15030011	增加双防	0	0	0	0	0	0	0	0	0	0	0	0	0	0.3	0.3	0	0	0	0	0	0	99	0	wulifangyu_	8	2	
15030012	增加双防	0	0	0	0	0	0	0	0	0	0	0	0	0	0.2	0.2	0	0	0	0	0	0	99	0	wulifangyu_	8	2	
15030013	减少双防	0	0	0	0	0	0	0	0	0	0	0	0	0	-0.1	-0.1	0	0	0	0	0	0	99	0	jiangdiwufang_	12	2	
15030014	减少双防	0	0	0	0	0	0	0	0	0	0	0	0	0	-0.15	-0.15	0	0	0	0	0	0	99	0	jiangdiwufang_	12	2	
15030015	减少双防	0	0	0	0	0	0	0	0	0	0	0	0	0	-0.1	-0.1	0	0	0	0	0	0	99	0	jiangdiwufang_	12	2	
15030016	减少双防	0	0	0	0	0	0	0	0	0	0	0	0	0	-0.05	-0.05	0	0	0	0	0	0	99	0	jiangdiwufang_	12	2	
15030017	减少双防	0	0	0	0	0	0	0	0	0	0	0	0	0	-0.07	-0.07	0	0	0	0	0	0	99	0	jiangdiwufang_	12	2	
15030018	减少双防	0	0	0	0	0	0	0	0	0	0	0	0	0	-0.05	-0.05	0	0	0	0	0	0	99	0	jiangdiwufang_	12	2	
15030019	增加双防	0	0	0	0	0	0	0	0	0	0	0	0	0	0.25	0.25	0	0	0	0	0	0	99	0	wulifangyu_	8	2	
15030020	增加双防	0	0	0	0	0	0	0	0	0	0	0	0	0	0.3	0.3	0	0	0	0	0	0	99	0	wulifangyu_	8	2	
15030021	增加双防	0	0	0	0	0	0	0	0	0	0	0	0	0	0.25	0.25	0	0	0	0	0	0	99	0	wulifangyu_	8	2	
15030022	减少双防	0	0	0	0	0	0	0	0	0	0	0	0	0	-0.12	-0.12	0	0	0	0	0	0	99	0	jiangdiwufang_	12	2	
15030023	减少双防	0	0	0	0	0	0	0	0	0	0	0	0	0	-0.15	-0.15	0	0	0	0	0	0	99	0	jiangdiwufang_	12	2	
15030024	减少双防	0	0	0	0	0	0	0	0	0	0	0	0	0	-0.06	-0.06	0	0	0	0	0	0	99	0	jiangdiwufang_	12	2	
15030025	增加双防	0	0	0	0	0	0	0	0	0	0	0	0	0	0.3	0.3	0	0	0	0	0	0	99	0	wulifangyu_	8	2	
15030026	减少双防	0	0	0	0	0	0	0	0	0	0	0	0	0	-0.15	-0.15	0	0	0	0	0	0	99	0	jiangdiwufang_	12	2	
15030027	减少双防	0	0	0	0	0	0	0	0	0	0	0	0	0	-0.07	-0.07	0	0	0	0	0	0	99	0	jiangdiwufang_	12	2	
15030028	增加双防	0	0	0	0	0	0	0	0	0	0	0	0	0	0.35	0.35	0	0	0	0	0	0	99	0	wulifangyu_	8	2	
15030029	减少双防	0	0	0	0	0	0	0	0	0	0	0	0	0	-0.17	-0.17	0	0	0	0	0	0	99	0	jiangdiwufang_	12	2	
15030030	减少双防	0	0	0	0	0	0	0	0	0	0	0	0	0	-0.08	-0.08	0	0	0	0	0	0	99	0	jiangdiwufang_	12	2	
15030031	增加双防	0	0	0	0	0	0	0	0	0	0	0	0	0	0.4	0.4	0	0	0	0	0	0	99	0	wulifangyu_	8	2	
15030032	减少双防	0	0	0	0	0	0	0	0	0	0	0	0	0	-0.19	-0.19	0	0	0	0	0	0	99	0	jiangdiwufang_	12	2	
15030033	减少双防	0	0	0	0	0	0	0	0	0	0	0	0	0	-0.09	-0.09	0	0	0	0	0	0	99	0	jiangdiwufang_	12	2	
15030034	增加双防	0	0	0	0	0	0	0	0	0	0	0	0	0	0.45	0.45	0	0	0	0	0	0	99	0	wulifangyu_	8	2	
15030035	减少双防	0	0	0	0	0	0	0	0	0	0	0	0	0	-0.23	-0.23	0	0	0	0	0	0	99	0	jiangdiwufang_	12	2	
15030036	减少双防	0	0	0	0	0	0	0	0	0	0	0	0	0	-0.11	-0.11	0	0	0	0	0	0	99	0	jiangdiwufang_	12	2	
15030037	增加双防	0	0	0	0	0	0	0	0	0	0	0	0	0	0.5	0.5	0	0	0	0	0	0	99	0	wulifangyu_	8	2	
15030038	减少双防	0	0	0	0	0	0	0	0	0	0	0	0	0	-0.25	-0.25	0	0	0	0	0	0	99	0	jiangdiwufang_	12	2	
15030039	减少双防	0	0	0	0	0	0	0	0	0	0	0	0	0	-0.13	-0.13	0	0	0	0	0	0	99	0	jiangdiwufang_	12	2	
15030040	增加暴击几率	0	0	0	0	0	0	0	0	0	0	0	0	0	0	0	2000	0	0	0	0	0	1	0	baoji_	13	2	
15030041	增加暴击几率	0	0	0	0	0	0	0	0	0	0	0	0	0	0	0	2500	0	0	0	0	0	1	0	baoji_	13	2	
15030042	增加暴击几率	0	0	0	0	0	0	0	0	0	0	0	0	0	0	0	3000	0	0	0	0	0	1	0	baoji_	13	2	
15030043	增加暴击几率	0	0	0	0	0	0	0	0	0	0	0	0	0	0	0	1500	0	0	0	0	0	1	0	baoji_	13	2	
15030044	增加暴击几率	0	0	0	0	0	0	0	0	0	0	0	0	0	0	0	1700	0	0	0	0	0	1	0	baoji_	13	2	
15030045	增加暴击几率	0	0	0	0	0	0	0	0	0	0	0	0	0	0	0	1900	0	0	0	0	0	1	0	baoji_	13	2	
15030046	增加暴击几率	0	0	0	0	0	0	0	0	0	0	0	0	0	0	0	2100	0	0	0	0	0	1	0	baoji_	13	2	
15030047	增加暴击几率	0	0	0	0	0	0	0	0	0	0	0	0	0	0	0	2300	0	0	0	0	0	1	0	baoji_	13	2	
15030048	增加暴击几率	0	0	0	0	0	0	0	0	0	0	0	0	0	0	0	3500	0	0	0	0	0	1	0	baoji_	13	2	
15030049	增加暴击几率	0	0	0	0	0	0	0	0	0	0	0	0	0	0	0	4000	0	0	0	0	0	1	0	baoji_	13	2	
15030050	增加暴击几率	0	0	0	0	0	0	0	0	0	0	0	0	0	0	0	4500	0	0	0	0	0	1	0	baoji_	13	2	
15030051	增加暴击几率	0	0	0	0	0	0	0	0	0	0	0	0	0	0	0	5000	0	0	0	0	0	1	0	baoji_	13	2	
15030052	增加怒气几率	0	0	0	0	0	0	0	0	0	1	5000	0	0	0	0	0	0	0	0	0	0	1	0	nuqizengjia_	13	5	jianuqiZT.mp3
15030053	增加怒气几率	0	0	0	0	0	0	0	0	0	1	2000	0	0	0	0	0	0	0	0	0	0	1	0	nuqizengjia_	13	5	jianuqiZT.mp3
15030054	增加怒气几率	0	0	0	0	0	0	0	0	0	1	3000	0	0	0	0	0	0	0	0	0	0	1	0	nuqizengjia_	13	5	jianuqiZT.mp3
15030055	增加怒气几率	0	0	0	0	0	0	0	0	0	1	4000	0	0	0	0	0	0	0	0	0	0	1	0	nuqizengjia_	13	5	jianuqiZT.mp3
15030056	增加怒气几率	0	0	0	0	0	0	0	0	0	1	6000	0	0	0	0	0	0	0	0	0	0	1	0	nuqizengjia_	13	5	jianuqiZT.mp3
15030057	增加怒气几率	0	0	0	0	0	0	0	0	0	1	7000	0	0	0	0	0	0	0	0	0	0	1	0	nuqizengjia_	13	5	jianuqiZT.mp3
15030058	增加怒气几率	0	0	0	0	0	0	0	0	0	1	8000	0	0	0	0	0	0	0	0	0	0	1	0	nuqizengjia_	13	5	jianuqiZT.mp3
15030059	增加怒气几率	0	0	0	0	0	0	0	0	0	1	9000	0	0	0	0	0	0	0	0	0	0	1	0	nuqizengjia_	13	5	jianuqiZT.mp3
15030060	增加怒气几率	0	0	0	0	0	0	0	0	0	1	10000	0	0	0	0	0	0	0	0	0	0	1	0	nuqizengjia_	13	5	jianuqiZT.mp3
15030061	增加攻击减少防御	0	0	0	0	0	0	0	0	0	0	0	0.05	0.05	-0.01	-0.01	0	0	0	0	0	0	99	0	gongjizengjia_	13	2	
15030062	增加攻击减少防御	0	0	0	0	0	0	0	0	0	0	0	0.1	0.1	-0.05	-0.05	0	0	0	0	0	0	99	0	gongjizengjia_	13	2	
15030063	增加攻击减少防御	0	0	0	0	0	0	0	0	0	0	0	0.15	0.15	-0.1	-0.1	0	0	0	0	0	0	99	0	gongjizengjia_	13	2	
15030064	增加攻击减少防御	0	0	0	0	0	0	0	0	0	0	0	0.2	0.2	-0.15	-0.15	0	0	0	0	0	0	99	0	gongjizengjia_	13	2	
15030065	增加攻击减少防御	0	0	0	0	0	0	0	0	0	0	0	0.25	0.25	-0.2	-0.2	0	0	0	0	0	0	99	0	gongjizengjia_	13	2	
15030066	增加攻击减少防御	0	0	0	0	0	0	0	0	0	0	0	0.3	0.3	-0.25	-0.25	0	0	0	0	0	0	99	0	gongjizengjia_	13	2	
15030067	增加攻击减少防御	0	0	0	0	0	0	0	0	0	0	0	0.35	0.35	-0.3	-0.3	0	0	0	0	0	0	99	0	gongjizengjia_	13	2	
15030068	增加攻击减少防御	0	0	0	0	0	0	0	0	0	0	0	0.4	0.4	-0.35	-0.35	0	0	0	0	0	0	99	0	gongjizengjia_	13	2	
15030069	增加攻击减少防御	0	0	0	0	0	0	0	0	0	0	0	0.45	0.45	-0.4	-0.4	0	0	0	0	0	0	99	0	gongjizengjia_	13	2	
15030070	增加攻击减少防御	0	0	0	0	0	0	0	0	0	0	0	0.5	0.5	-0.45	-0.45	0	0	0	0	0	0	99	0	gongjizengjia_	13	2	
15030071	增加攻击	0	0	0	0	0	0	0	0	0	0	0	0.05	0.05	0	0	0	0	0	0	0	0	99	0	gongjizengjia_	13	2	
15030072	增加攻击	0	0	0	0	0	0	0	0	0	0	0	0.1	0.1	0	0	0	0	0	0	0	0	99	0	gongjizengjia_	13	2	
15030073	增加攻击	0	0	0	0	0	0	0	0	0	0	0	0.15	0.15	0	0	0	0	0	0	0	0	99	0	gongjizengjia_	13	2	
15030074	增加攻击	0	0	0	0	0	0	0	0	0	0	0	0.07	0.07	0	0	0	0	0	0	0	0	99	0	gongjizengjia_	13	2	
15030075	增加攻击	0	0	0	0	0	0	0	0	0	0	0	0.09	0.09	0	0	0	0	0	0	0	0	99	0	gongjizengjia_	13	2	
15030076	增加攻击	0	0	0	0	0	0	0	0	0	0	0	0.12	0.12	0	0	0	0	0	0	0	0	99	0	gongjizengjia_	13	2	
15030077	增加攻击	0	0	0	0	0	0	0	0	0	0	0	0.15	0.15	0	0	0	0	0	0	0	0	99	0	gongjizengjia_	13	2	
15040001	5%几率即死攻击	0	0	0	500	0	0	0	0	0	0	0	0	0	0	0	0	0	0	0	0	0	99	0	baoji_	13	5	
15040002	每阵亡一个己方成员，己方全体攻击增加8%	0	0	0	0	0	0	0	0	0	0	0	0.08	0.08	0	0	0	0	0	0	0	0	99	1	gongjizengjia_	13	2	
15040003	己方阵营首次阵亡武将，敌方全体眩晕1回合	0	10000	0	0	0	0	0	0	0	0	0	0	0	0	0	0	0	0	0	0	0	1	0	xuanyun_	13	1	
15040004	当己方剩余最后一名武将时，攻击增加200%	0	0	0	0	0	0	0	0	0	0	0	2	2	0	0	0	0	0	0	0	0	99	0	gongjizengjia_	13	2	
15040005	当己方剩余最后一名武将时，防御增加200%	0	0	0	0	0	0	0	0	0	0	0	0	0	2	2	0	0	0	0	0	0	99	0	wulifangyu_	8	2	
15040006	每消灭一个敌方武将，己方全体攻击增加50%，前3回合有效，第1回合	0	0	0	0	0	0	0	0	0	0	0	0.5	0.5	0	0	0	0	0	0	0	0	3	1	gongjizengjia_	13	2	
15040007	每消灭一个敌方武将，己方全体攻击增加50%，前3回合有效，第2回合	0	0	0	0	0	0	0	0	0	0	0	0.5	0.5	0	0	0	0	0	0	0	0	2	1	gongjizengjia_	13	2	
15040008	每消灭一个敌方武将，己方全体攻击增加50%，前3回合有效，第3回合	0	0	0	0	0	0	0	0	0	0	0	0.5	0.5	0	0	0	0	0	0	0	0	1	1	gongjizengjia_	13	2	
15040009	己方全体攻击增加70%	0	0	0	0	0	0	0	0	0	0	0	0.7	0.7	0	0	0	0	0	0	0	0	99	0	gongjizengjia_	13	2	
15040010	每阵亡一个己方武将，攻击降低40%，最低至30%？（按次数来减数值对不上）	0	0	0	0	0	0	0	0	0	0	0	-0.4	-0.4	0	0	0	0	0	0	0	0	99	1	jiangdigongji_	13	2	
15040011	己方全体第一回合怒气增加100%	0	0	0	0	0	0	0	0	1	0	0	0	0	0	0	0	0	0	0	0	0	0	0	nuqizengjia_	13	2	jianuqiZT.mp3
15040012	己方全体第一回合伤害增加30%	0	0	0	0	0	0	0	0	0	0	0	0.3	0.3	0	0	0	0	0	0	0	0	1	0	gongjizengjia_	13	2	
15040013	前3回合首次己方武将在阵亡，治疗己方全体100%生命值	0	0	0	0	0	0	1	0	0	0	0	0	0	0	0	0	0	0	0	0	0	0	0	jiaxue41GG_	13	2	jiaxue.mp3
15040014	前3回合首次己方武将在阵亡，己方全体防御增加100%	0	0	0	0	0	0	0	0	0	0	0	0	0	1	1	0	0	0	0	0	0	99	0	wulifangyu_	8	2	
15040015	前3回合首次己方武将在阵亡，本回合免疫所有伤害	0	0	0	0	1	0	0	0	0	0	0	0	0	0	0	0	0	0	0	0	0	1	0	fashufangyu_	13	2	
15040016	前3回合首次己方武将在阵亡，直接攻击击杀该武将（除DOT）的敌方武将即死	0	0	0	10000	0	0	0	0	0	0	0	0	0	0	0	0	0	0	0	0	0	0	0	zhongdu_	13	2	zhongduZT.mp3
15040017	前3回合首次己方武将在阵亡，随机一个敌方单位直接死亡（会不会与上一条相重？）	0	0	0	10000	0	0	0	0	0	0	0	0	0	0	0	0	0	0	0	0	0	0	0	zhongdu_	13	2	
15040018	己方单位在前3回合不会死亡（即死判定除外），其生命值最低至1	0	0	0	0	0	1	0	0	0	0	0	0	0	0	0	0	0	0	0	0	0	3	0	wulifangyu_	8	2	
15040019	如果前3回合没有己方武将阵亡，第四回合治疗己方全体100%生命值	0	0	0	0	0	0	1	0	0	0	0	0	0	0	0	0	0	0	0	0	0	0	0	jiaxue41GG_	13	2	jiaxue.mp3
15040020	如果前3回合没有己方武将阵亡，己方全体增加30%攻击	0	0	0	0	0	0	0	0	0	0	0	0.3	0.3	0	0	0	0	0	0	0	0	99	0	gongjizengjia_	13	2	
15040021	己方全体生命减少20%	0	0	0	0	0	0	0	-0.2	0	0	0	0	0	0	0	0	0	0	0	0	0	0	0	zhongdu_	13	2	zhongduZT.mp3
15040022	己方全体攻击减少20%	0	0	0	0	0	0	0	0	0	0	0	-0.2	-0.2	0	0	0	0	0	0	0	0	99	1	jiangdigongji_	13	2	
15040023	己方全体第六回合开始攻击增加220%	0	0	0	0	0	0	0	0	0	0	0	2.2	2.2	0	0	0	0	0	0	0	0	99	1	gongjizengjia_	13	2	
15040024	第二回合开始己方全体增加攻击（本回合己方武将数）%，剩1个将	0	0	0	0	0	0	0	0	0	0	0	0.01	0.01	0	0	0	0	0	0	0	0	99	1	gongjizengjia_	13	2	
15040025	第二回合开始己方全体增加攻击（本回合己方武将数）%，剩2个将	0	0	0	0	0	0	0	0	0	0	0	0.02	0.02	0	0	0	0	0	0	0	0	99	1	gongjizengjia_	13	2	
15040026	第二回合开始己方全体增加攻击（本回合己方武将数）%，剩3个将	0	0	0	0	0	0	0	0	0	0	0	0.03	0.03	0	0	0	0	0	0	0	0	99	1	gongjizengjia_	13	2	
15040027	第二回合开始己方全体增加攻击（本回合己方武将数）%，剩4个将	0	0	0	0	0	0	0	0	0	0	0	0.04	0.04	0	0	0	0	0	0	0	0	99	1	gongjizengjia_	13	2	
15040028	第二回合开始己方全体增加攻击（本回合己方武将数）%，剩5个将	0	0	0	0	0	0	0	0	0	0	0	0.05	0.05	0	0	0	0	0	0	0	0	99	1	gongjizengjia_	13	2	
15040029	第二回合开始己方全体增加攻击（本回合己方武将数）%，剩6个将	0	0	0	0	0	0	0	0	0	0	0	0.06	0.06	0	0	0	0	0	0	0	0	99	1	gongjizengjia_	13	2	
15040030	第二回合开始己方全体增加攻击（本回合己方武将数）%，剩7个将	0	0	0	0	0	0	0	0	0	0	0	0.07	0.07	0	0	0	0	0	0	0	0	99	1	gongjizengjia_	13	2	
15040031	第二回合开始己方全体增加攻击（本回合己方武将数）%，剩8个将	0	0	0	0	0	0	0	0	0	0	0	0.08	0.08	0	0	0	0	0	0	0	0	99	1	gongjizengjia_	13	2	
15040032	第二回合开始己方全体增加攻击（本回合己方武将数）%，剩9个将	0	0	0	0	0	0	0	0	0	0	0	0.09	0.09	0	0	0	0	0	0	0	0	99	1	gongjizengjia_	13	2	
